=== COERENCE RUN INFO ===
created_at: 2026-01-28T10:18:38.954249

eps: 1e-10
limite: 0.1
N: 2
Nb: 45
alpha: 2.23606797749979
extra: cos4
phi_max: 1.5707963267948966
len(phi_list): 100

len(t): 300
args (initial):
{
  "g0": 1,
  "eta": 1,
  "w": 6.283185307179586,
  "kappa": 0.1,
  "gamma": 0,
  "gamma_phi": 0.01,
  "coupling": "cos",
  "phi": null
}

t summary:
  t_min: 0.0
  t_max: 50.0
  first_5: [0.0, 0.01, 0.02, 0.03, 0.04]
  last_5: [49.015075376884425, 49.26130653266332, 49.50753768844221, 49.753768844221106, 50.0]

w_list summary:
  phi_min: 0.0
  phi_max: 1.5707963267948966
  first_5: [0.0, 0.015866629563584814, 0.03173325912716963, 0.04759988869075445, 0.06346651825433926]
  last_5: [1.5073298085405573, 1.5231964381041423, 1.539063067667727, 1.5549296972313118, 1.5707963267948966]
