=== COERENCE RUN INFO ===
created_at: 2026-01-28T10:03:43.112531

eps: 1e-10
limite: 0.1
N: 2
Nb: 45
alpha: 2.23606797749979
extra: cos2
wmax: 0.12566370614359174
len(w_list): 100

len(t): 300
args (initial):
{
  "g0": 1,
  "eta": 1,
  "w": 0,
  "kappa": 0.1,
  "gamma": 0,
  "gamma_phi": 0.01,
  "coupling": "cos",
  "phi": 1.5707963267948966
}

t summary:
  t_min: 0.0
  t_max: 50.0
  first_5: [0.0, 0.01, 0.02, 0.03, 0.04]
  last_5: [49.015075376884425, 49.26130653266332, 49.50753768844221, 49.753768844221106, 50.0]

w_list summary:
  w_min: 0.0
  w_max: 0.12566370614359174
  first_5: [0.0, 0.0012693303650867852, 0.0025386607301735704, 0.0038079910952603553, 0.005077321460347141]
  last_5: [0.12058638468324459, 0.12185571504833137, 0.12312504541341816, 0.12439437577850494, 0.12566370614359174]
