=== COERENCE RUN INFO ===
created_at: 2026-01-17T14:33:42.089103

eps: 1e-10
limite: 0.1
N: 2
Nb: 45
alpha: 2.23606797749979
extra: exp2
wmax: -0.04605170185988091
len(t): 500
len(w_list): 100

args (initial):
{
  "g0": 1,
  "eta": 1,
  "w": 0,
  "kappa": 0.1,
  "gamma": 0,
  "gamma_phi": 0.01,
  "coupling": "exp",
  "phi": 0
}

t summary:
  t_min: 0.0
  t_max: 150.0
  first_5: [0.0, 0.01, 0.02, 0.03, 0.04]
  last_5: [148.5062656641604, 148.8796992481203, 149.25313283208018, 149.6265664160401, 150.0]

w_list summary:
  w_min: -0.04605170185988091
  w_max: 0.0
  first_5: [0.0, -0.0004651687056553627, -0.0009303374113107254, -0.0013955061169660882, -0.0018606748226214509]
  last_5: [-0.04419102703725946, -0.04465619574291482, -0.045121364448570185, -0.04558653315422555, -0.04605170185988091]
