=== COERENCE RUN INFO ===
created_at: 2026-01-20T10:07:42.334957

eps: 1e-10
limite: 0.1
N: 2
Nb: 45
alpha: 2.23606797749979
extra: exp5
wmax: 0.0
len(w_list): 100

len(t): 300
args (initial):
{
  "g0": 1,
  "eta": 1,
  "w": 0,
  "kappa": 0.1,
  "gamma": 0,
  "gamma_phi": 0.01,
  "coupling": "exp",
  "phi": 0
}

t summary:
  t_min: 0.0
  t_max: 50.0
  first_5: [0.0, 0.01, 0.02, 0.03, 0.04]
  last_5: [49.015075376884425, 49.26130653266332, 49.50753768844221, 49.753768844221106, 50.0]

w_list summary:
  w_min: -0.13815510557964272
  w_max: 0.0
  first_5: [-0.13815510557964272, -0.13675959946267663, -0.13536409334571053, -0.13396858722874447, -0.13257308111177837]
  last_5: [-0.005582024467864349, -0.004186518350898255, -0.002791012233932161, -0.0013955061169660665, 0.0]
