=== COERENCE RUN INFO ===
created_at: 2026-01-17T16:04:06.471943

eps: 1e-10
limite: 0.1
N: 2
Nb: 45
alpha: 2.23606797749979
extra: linear3
wmax: 0.0
len(t): 500
len(w_list): 100

args (initial):
{
  "g0": 1,
  "eta": 1,
  "w": 0,
  "kappa": 0.1,
  "gamma": 0,
  "gamma_phi": 0.01,
  "coupling": "linear",
  "phi": 0.5
}

t summary:
  t_min: 0.0
  t_max: 150.0
  first_5: [0.0, 0.01, 0.02, 0.03, 0.04]
  last_5: [148.5062656641604, 148.8796992481203, 149.25313283208018, 149.6265664160401, 150.0]

w_list summary:
  w_min: -0.006666666666666667
  w_max: 0.006666666666666667
  first_5: [-0.006666666666666667, -0.006531986531986532, -0.006397306397306398, -0.006262626262626263, -0.006127946127946128]
  last_5: [0.006127946127946129, 0.006262626262626264, 0.006397306397306399, 0.006531986531986534, 0.006666666666666667]
