=== COERENCE RUN INFO ===
created_at: 2026-01-17T14:26:47.508800

eps: 1e-10
limite: 0.1
N: 2
Nb: 45
alpha: 2.23606797749979
extra: exp1
wmax: 0.05067268306361388
len(t): 500
len(w_list): 150

args (initial):
{
  "g0": 1,
  "eta": 1,
  "w": 0,
  "kappa": 0.1,
  "gamma": 0,
  "gamma_phi": 0.01,
  "coupling": "exp",
  "phi": -6.907755278982137
}

t summary:
  t_min: 0.0
  t_max: 150.0
  first_5: [0.0, 0.01, 0.02, 0.03, 0.04]
  last_5: [148.5062656641604, 148.8796992481203, 149.25313283208018, 149.6265664160401, 150.0]

w_list summary:
  w_min: 0.0
  w_max: 0.05067268306361388
  first_5: [0.0, 0.00034008512123230795, 0.0006801702424646159, 0.0010202553636969238, 0.0013603404849292318]
  last_5: [0.04931234257868465, 0.04965242769991696, 0.04999251282114927, 0.050332597942381575, 0.05067268306361388]
