=== COERENCE RUN INFO ===
created_at: 2026-01-20T10:09:29.919058

eps: 1e-10
limite: 0.1
N: 2
Nb: 45
alpha: 2.23606797749979
extra: exp6
wmax: 0.013862943611198907
len(w_list): 100

len(t): 300
args (initial):
{
  "g0": 1,
  "eta": 1,
  "w": 0,
  "kappa": 0.1,
  "gamma": 0,
  "gamma_phi": 0.01,
  "coupling": "exp",
  "phi": 0
}

t summary:
  t_min: 0.0
  t_max: 50.0
  first_5: [0.0, 0.01, 0.02, 0.03, 0.04]
  last_5: [49.015075376884425, 49.26130653266332, 49.50753768844221, 49.753768844221106, 50.0]

w_list summary:
  w_min: 0.0
  w_max: 0.013862943611198907
  first_5: [0.0, 0.0001400297334464536, 0.0002800594668929072, 0.0004200892003393608, 0.0005601189337858144]
  last_5: [0.013302824677413092, 0.013442854410859545, 0.013582884144305998, 0.013722913877752452, 0.013862943611198907]
