=== COERENCE RUN INFO ===
created_at: 2026-01-17T14:40:09.261884

eps: 1e-10
limite: 0.1
N: 2
Nb: 45
alpha: 2.23606797749979
extra: exp3
wmax: 0.0046209812037329686
len(t): 500
len(w_list): 100

args (initial):
{
  "g0": 1,
  "eta": 1,
  "w": 0,
  "kappa": 0.1,
  "gamma": 0,
  "gamma_phi": 0.01,
  "coupling": "exp",
  "phi": 0
}

t summary:
  t_min: 0.0
  t_max: 150.0
  first_5: [0.0, 0.01, 0.02, 0.03, 0.04]
  last_5: [148.5062656641604, 148.8796992481203, 149.25313283208018, 149.6265664160401, 150.0]

w_list summary:
  w_min: 0.0
  w_max: 0.0046209812037329686
  first_5: [0.0, 4.667657781548453e-05, 9.335315563096906e-05, 0.0001400297334464536, 0.00018670631126193812]
  last_5: [0.0044342748924710304, 0.004480951470286515, 0.0045276280481019995, 0.004574304625917484, 0.0046209812037329686]
