=== COERENCE RUN INFO ===
created_at: 2026-01-20T10:04:57.325515

eps: 1e-10
limite: 0.1
N: 2
Nb: 45
alpha: 2.23606797749979
extra: exp4
wmax: 0.15201804919084164
len(w_list): 100

len(t): 300
args (initial):
{
  "g0": 1,
  "eta": 1,
  "w": 0,
  "kappa": 0.1,
  "gamma": 0,
  "gamma_phi": 0.01,
  "coupling": "exp",
  "phi": -6.907755278982137
}

t summary:
  t_min: 0.0
  t_max: 50.0
  first_5: [0.0, 0.01, 0.02, 0.03, 0.04]
  last_5: [49.015075376884425, 49.26130653266332, 49.50753768844221, 49.753768844221106, 50.0]

w_list summary:
  w_min: 0.0
  w_max: 0.15201804919084164
  first_5: [0.0, 0.0015355358504125418, 0.0030710717008250836, 0.004606607551237625, 0.006142143401650167]
  last_5: [0.14587590578919146, 0.147411441639604, 0.14894697749001656, 0.15048251334042909, 0.15201804919084164]
