,-0.06666666666666667,-0.0653061224489796,-0.06394557823129252,-0.06258503401360545,-0.061224489795918366,-0.05986394557823129,-0.058503401360544216,-0.05714285714285714,-0.055782312925170066,-0.05442176870748299,-0.053061224489795916,-0.05170068027210884,-0.050340136054421766,-0.0489795918367347,-0.047619047619047616,-0.04625850340136055,-0.044897959183673466,-0.0435374149659864,-0.04217687074829932,-0.04081632653061225,-0.03945578231292517,-0.0380952380952381,-0.03673469387755102,-0.03537414965986395,-0.034013605442176874,-0.0326530612244898,-0.031292517006802724,-0.02993197278911565,-0.028571428571428574,-0.0272108843537415,-0.025850340136054424,-0.02448979591836735,-0.023129251700680274,-0.0217687074829932,-0.020408163265306124,-0.01904761904761905,-0.017687074829931974,-0.0163265306122449,-0.014965986394557824,-0.01360544217687075,-0.012244897959183675,-0.0108843537414966,-0.009523809523809525,-0.00816326530612245,-0.006802721088435375,-0.0054421768707483,-0.004081632653061232,-0.00272108843537415,-0.0013605442176870819,0.0
0.0,0.30574839979741497,0.30574839979741497,0.30574839979741497,0.30574839979741497,0.30574839979741497,0.30574839979741497,0.30574839979741497,0.30574839979741497,0.30574839979741497,0.30574839979741497,0.30574839979741497,0.30574839979741497,0.30574839979741497,0.30574839979741497,0.30574839979741497,0.30574839979741497,0.30574839979741497,0.30574839979741497,0.30574839979741497,0.30574839979741497,0.30574839979741497,0.30574839979741497,0.30574839979741497,0.30574839979741497,0.30574839979741497,0.30574839979741497,0.30574839979741497,0.30574839979741497,0.30574839979741497,0.30574839979741497,0.30574839979741497,0.30574839979741497,0.30574839979741497,0.30574839979741497,0.30574839979741497,0.30574839979741497,0.30574839979741497,0.30574839979741497,0.30574839979741497,0.30574839979741497,0.30574839979741497,0.30574839979741497,0.30574839979741497,0.30574839979741497,0.30574839979741497,0.30574839979741497,0.30574839979741497,0.30574839979741497,0.30574839979741497,0.30574839979741497
0.010101010101010102,0.3054076111639963,0.3054076064803123,0.3054076017966003,0.3054075971128605,0.30540759242909343,0.30540758774529886,0.30540758306147686,0.30540757837762744,0.30540757369375005,0.3054075690098452,0.3054075643259131,0.3054075596419531,0.30540755495796523,0.30540755027394995,0.3054075455899068,0.3054075409058359,0.30540753622173633,0.305407531537609,0.30540752685345307,0.30540752216926825,0.3054075174850548,0.305407512800812,0.3054075081165397,0.3054075034322381,0.30540749874790496,0.3054074940635416,0.30540748937914697,0.30540748469472023,0.30540748001026097,0.30540747532576806,0.30540747064124196,0.3054074659566801,0.30540746127208274,0.3054074565874487,0.30540745190277674,0.30540744721806556,0.30540744253331453,0.3054074378485221,0.30540743316368746,0.305407428478808,0.3054074237938842,0.30540741910891367,0.3054074144238943,0.3054074097388261,0.30540740505370745,0.3054074003685363,0.3054073956833119,0.30540739099803416,0.3054073863126996,0.30540738162730985
0.020202020202020204,0.30438693408707995,0.30438689668963836,0.3043868592919782,0.3043868218941024,0.30438678449601275,0.30438674709771285,0.3043867096992039,0.30438667230048777,0.3043866349015645,0.3043865975024347,0.30438656010309884,0.30438652270355493,0.3043864853038021,0.3043864479038373,0.304386410503656,0.3043863731032541,0.3043863357026254,0.3043862983017618,0.30438626090065446,0.304386223499292,0.30438618609766266,0.30438614869575,0.30438611129353865,0.30438607389100825,0.3043860364881361,0.3043859990848976,0.30438596168126486,0.3043859242772059,0.30438588687268653,0.30438584946766833,0.3043858120621086,0.3043857746559615,0.3043857372491774,0.3043856998417005,0.3043856624334751,0.30438562502443833,0.3043855876145226,0.3043855502036612,0.30438551279178083,0.30438547537880534,0.30438543796465845,0.3043854005492612,0.30438536313253306,0.3043853257143969,0.3043852882947746,0.3043852508735887,0.3043852134507691,0.30438517602624726,0.30438513859995875,0.3043851011718526
0.030303030303030304,0.3026925894003065,0.3026924637226922,0.30269233804297446,0.3026922123611634,0.3026920866772689,0.3026919609913006,0.3026918353032697,0.30269170961318603,0.30269158392105877,0.302691458226898,0.3026913325307131,0.3026912068325127,0.30269108113230603,0.3026909554300997,0.302690829725901,0.3026907040197151,0.30269057831154644,0.30269045260139704,0.3026903268892671,0.3026902011751538,0.3026900754590547,0.30268994974095964,0.3026898240208574,0.30268969829873327,0.3026895725745625,0.30268944684832233,0.3026893211199797,0.3026891953894928,0.30268906965681563,0.30268894392189427,0.3026888181846621,0.3026886924450447,0.3026885667029581,0.30268844095830283,0.30268831521097483,0.3026881894608535,0.3026880637078042,0.30268793795168714,0.3026878121923461,0.3026876864296135,0.30268756066331703,0.30268743489327354,0.3026873091192921,0.30268718334118416,0.3026870575587556,0.30268693177181627,0.3026868059801835,0.3026866801836836,0.30268655438215153,0.30268642857544936
0.04040404040404041,0.3003431643847103,0.30034287395653947,0.3003425835228398,0.30034229308370464,0.3003420026392316,0.30034171218951944,0.3003414217346707,0.3003411312747888,0.3003408408099797,0.3003405503403511,0.3003402598660112,0.300339969387069,0.3003396789036319,0.30033938841580743,0.30033909792370106,0.3003388074274135,0.30033851692681446,0.300338226420489,0.3003379359081255,0.30033764538965424,0.30033735486499524,0.3003370643340614,0.30033677379675383,0.3003364832529615,0.3003361927025653,0.30033590214542893,0.30033561158140465,0.30033532101033267,0.30033503043203413,0.3003347398463183,0.3003344492529776,0.30033415865178625,0.30033386804250495,0.300333577424875,0.3003332867986219,0.30033299616345555,0.30033270551906843,0.3003324148651406,0.3003321242013376,0.30033183352731263,0.30033154284271024,0.3003312521471684,0.3003309614403197,0.30033067072179886,0.3003303799912407,0.3003300892482884,0.30032979849259644,0.3003295077238344,0.30032921694168935,0.30032892614587725
0.05050505050505051,0.2974870711591764,0.2974865261387213,0.2974859811018564,0.2974854360486001,0.2974848909789728,0.297484345892995,0.29748380079068604,0.2974832556720677,0.297482710537161,0.2974821653859876,0.2974816202185684,0.2974810750349255,0.29748052983507933,0.2974799846190511,0.2974794393868605,0.29747889413852624,0.2974783488740653,0.29747780359349396,0.2974772582968257,0.29747671298407097,0.29747616765523455,0.2974756223103203,0.2974750769493244,0.297474531572238,0.2974739861790461,0.29747344076972215,0.29747289534423005,0.2974723499025267,0.29747180444455124,0.2974712589702301,0.2974707134794745,0.29747016797217773,0.2974696224482102,0.2974690769074271,0.297468531349654,0.29746798577469646,0.29746744018233473,0.29746689457231934,0.29746634894437696,0.29746580329821004,0.29746525763349063,0.297464711949872,0.2974641662469857,0.297463620524442,0.29746307478184253,0.2974625290187798,0.2974619832348422,0.29746143742962494,0.2974608916027359,0.29746034575379743
0.06060606060606061,0.29401722615571935,0.2940162884197004,0.29401535064787543,0.29401441284029883,0.2940134749970318,0.29401253712433806,0.29401159969613166,0.294010662232425,0.2940097247332967,0.29400878719883217,0.2940078496291212,0.2940069120242591,0.2940059743843515,0.2940050367095135,0.2940040989998456,0.294003161255467,0.29400222347650007,0.29400128566307204,0.29400034781531603,0.29399940993336515,0.2939984720173556,0.29399753406742546,0.29399659608371,0.29399565806634276,0.29399472001545446,0.2939937819311652,0.29399284381358526,0.2939919056628155,0.29399096747893494,0.2939900292620031,0.2939890910120545,0.2939881527290924,0.29398721441308506,0.2939862760639619,0.29398533768160084,0.29398439926578135,0.29398346081601423,0.293982522331797,0.2939815838126074,0.29398064525789,0.2939797066670591,0.2939787680395025,0.29397782937458583,0.2939768906716498,0.29397595193002535,0.2939750131490313,0.2939740743279833,0.29397313546619974,0.2939721965630113,0.29397125761776155
0.07070707070707072,0.2899405354938982,0.28993905461262215,0.28993757366480666,0.2899360926506094,0.2899346115702004,0.2899331304238455,0.28993164921417913,0.28993016794234017,0.2899286866082771,0.28992720521194026,0.28992572375327774,0.28992424223223767,0.28992276064876743,0.28992127900281484,0.28991979729432615,0.2899183155232469,0.28991683368952215,0.28991535179309624,0.2899138698339111,0.2899123878119071,0.2899109057270195,0.2899094235791839,0.2899079413683293,0.28990645909437696,0.28990497675724647,0.2899034943568428,0.28990201189306264,0.28990052936579125,0.28989904677489686,0.2898975641202284,0.28989608140161616,0.2898945986188659,0.2898931157717548,0.28989163286003095,0.2898901498834031,0.28988866684154724,0.28988718373409794,0.289885700560641,0.2898842173207222,0.2898827340138378,0.28988125063943726,0.28987976719692354,0.2898782836856598,0.2898768001049641,0.28987531645412634,0.2898738327324112,0.2898723489390649,0.2898708650733314,0.28986938113446103,0.28986789712172256
0.08080808080808081,0.28526567955886006,0.28526348240801713,0.28526128514692783,0.28525908777556563,0.28525689029391277,0.28525469270195836,0.2852524949996993,0.28525029718714345,0.28524809926430783,0.2852459012312203,0.28524370308791935,0.28524150483445543,0.28523930647089024,0.2852371079972984,0.2852349094137675,0.28523271072039624,0.285230511917297,0.28522831300459517,0.2852261139824267,0.2852239148509378,0.285221715610283,0.2852195162606279,0.28521731680214124,0.28521511723499426,0.2852129175593603,0.2852107177754055,0.2852085178832864,0.28520631788314943,0.2852041177751157,0.2852019175592788,0.2851997172356999,0.2851975168043943,0.28519531626532313,0.28519311561838967,0.2851909148634153,0.28518871400014656,0.2851865130282365,0.2851843119472307,0.2851821107565691,0.28517990945557625,0.2851777080434501,0.2851755065192687,0.2851733048819892,0.28517110313044314,0.2851689012633598,0.28516669927936866,0.28516449717701753,0.2851622949547956,0.2851600926111588,0.28515789014454884
0.09090909090909091,0.2800045092599247,0.2800014012546843,0.27999829307193,0.2799951847117723,0.2799920761743451,0.2799889674598033,0.27998585856832414,0.27998274950010993,0.27997964025538835,0.27997653083441243,0.2799734212374637,0.27997031146484974,0.27996720151690746,0.2799640913940017,0.27996098109652734,0.27995787062490507,0.2799547599795864,0.27995164916104653,0.27994853816978926,0.27994542700643044,0.2799423156741139,0.27993920417389495,0.27993609250539375,0.2799329806682316,0.2799298686620305,0.2799267564864043,0.27992364414096416,0.2799205316253165,0.27991741893905275,0.27991430608175005,0.2799111930529715,0.27990807985225286,0.2799049664791029,0.2799018529329974,0.2798987392133685,0.27989562531960455,0.279892511251043,0.27988939700695803,0.2798862825865668,0.27988316798901847,0.27988005321339215,0.2798769382587003,0.27987382312388953,0.2798707078078415,0.27986759230938874,0.2798644766273177,0.2798613607603858,0.27985824470733756,0.2798551284669232,0.27985201203791543
0.10101010101010102,0.2741689320938081,0.27416470127665893,0.2741604702434176,0.27415623900007446,0.27415200750055524,0.2741477757445303,0.27414354373167804,0.2741393114616949,0.27413507893428957,0.2741308461491889,0.27412661310613906,0.27412237980490506,0.2741181462452731,0.2741139124270553,0.2741096783500865,0.27410544401422554,0.2741012094193611,0.2740969745654074,0.2740927394523056,0.27408850408002516,0.2740842684485578,0.2740800325579249,0.27407579640816604,0.2740715599993411,0.2740673233315274,0.27406308640480603,0.27405884921926416,0.27405461177498613,0.2740503740720388,0.27404613611046447,0.27404189789027067,0.27403765941141556,0.27403342067378955,0.27402918167720935,0.27402494242138786,0.2740207029059307,0.27401646313031736,0.2740122230938751,0.2740079827957793,0.2740037422809498,0.27399950153621966,0.27399526052631673,0.2739910192497057,0.27398677770466673,0.2739825358893234,0.2739782938016515,0.27397405143950726,0.27396980880065747,0.27396556588282683,0.2739613226837222
0.11111111111111112,0.26778291970528856,0.26777734151302013,0.26777176294383853,0.2677661839980052,0.2677606046757911,0.26775502497747994,0.26774944490336305,0.26774386445374687,0.2677382836289486,0.2677327024292966,0.2677271208551306,0.26772153890680417,0.2677159565846807,0.2677103738891351,0.2677047908205554,0.26769920737933517,0.2676936235658802,0.2676880393806036,0.2676824548239225,0.2676768698962573,0.26767128459802647,0.2676656989296493,0.26766011289153324,0.2676545264840743,0.26764893970765213,0.26764335256261473,0.2676377650492787,0.26763217716792276,0.26762658891893154,0.2676210003029533,0.2676154113191411,0.2676098219664571,0.26760423224385654,0.26759864215028684,0.2675930516846661,0.26758746084588725,0.26758186963280195,0.26757627804420414,0.2675706860788336,0.2675650937353595,0.267559501012373,0.2675539079083875,0.2675483144218387,0.26754272055111683,0.26753712629447013,0.26753153165012167,0.26752593661625157,0.2675203411910141,0.26751474537256237,0.2675091491590702
0.12121212121212122,0.26096118051719386,0.2609546511847467,0.26094812136881385,0.26094159106949855,0.26093506028690927,0.26092852902116426,0.26092199727238585,0.26091546504071084,0.2609089323262852,0.2609023991292654,0.2608958654498248,0.2608893312881517,0.2608827966444538,0.2608762615189568,0.26086972591191115,0.2608631898235907,0.2608566532542993,0.26085011620437193,0.2608435786741754,0.2608370406641154,0.2608305021746379,0.2608239632062338,0.26081742375943984,0.2608108838348434,0.2608043434330892,0.2607978025548725,0.2607912612009482,0.26078471937213454,0.2607781770693076,0.26077163429339956,0.26076509104540535,0.2607585473263716,0.2607520031373931,0.26074545847960695,0.26073891335417554,0.26073236776228104,0.2607258217051096,0.2607192751838232,0.26071272819954583,0.26070620349096474,0.26069970261083075,0.2606932012647464,0.26068669945379985,0.260680197179026,0.26067369444137545,0.2606671912416423,0.2606606875804053,0.2606541834579911,0.26064767887442986,0.2606411738294028
0.13131313131313133,0.2542994059466991,0.2542913956150401,0.2542833846419118,0.2542753730273436,0.25426736077138,0.254259347874092,0.25425133433557023,0.2542433201559342,0.254235305335334,0.2542272898739508,0.2542192737720055,0.25421125702977054,0.2542032396551066,0.25419522165478114,0.2541872030291452,0.2541791837785601,0.2541711639034099,0.2541631434040946,0.2541551222810373,0.2541471005346876,0.2541390781655207,0.2541310551740439,0.2541230315607951,0.2541150073263492,0.25410698247132224,0.25409895699636686,0.2540909309021808,0.25408290418950963,0.2540748768591441,0.25406684891191755,0.2540588203487155,0.25405079117046414,0.25404276137813,0.25403473097271445,0.25402669995523897,0.2540186683267456,0.25401063608827723,0.254002603240855,0.25399456978546686,0.253986531371557,0.2539784967694688,0.25397046157690195,0.25396242579141015,0.25395438941067416,0.2539463524325143,0.25393831485485574,0.25393027667570855,0.25392223789315604,0.2539141985053399,0.2539061585104122
0.14141414141414144,0.24726729850990703,0.24725747178778512,0.24724764423935386,0.24723781586460003,0.24722798666351609,0.24721815663610935,0.24720832578239316,0.2471984941024018,0.24718866159618558,0.2471788282638132,0.2471689941053813,0.24715915912100916,0.24714932331085393,0.24713948667510288,0.24712964921398728,0.24711981092778168,0.24710997181681493,0.2471001318814703,0.2470902911221935,0.2470804495395006,0.24707060713398343,0.24706076390631582,0.24705091985726035,0.2470410749876759,0.2470312292985245,0.2470213827908726,0.2470115354659005,0.24700168732490568,0.24699183836930705,0.24698198860063747,0.24697213802055518,0.24696228663082942,0.24695243443334103,0.2469425814300681,0.24693272762307217,0.24692287301448446,0.24691301760647977,0.24690316140325796,0.24689330441628243,0.24688344220468172,0.24687358395979542,0.24686372491491226,0.24685386507075435,0.24684400442809495,0.24683414298771966,0.2468242807503198,0.24681441771641432,0.24680455388628864,0.2467946892599282,0.24678482383694078
0.15151515151515152,0.23982144581858167,0.23980947854853163,0.23979751023342044,0.2397855408733791,0.2397735704685361,0.23976159901901972,0.23974962652495524,0.23973765298646899,0.2397256784036922,0.2397137027767532,0.23970172610578877,0.23968974839093926,0.23967776963235587,0.2396657898301967,0.2396538089846365,0.23964182709586135,0.2396298441640814,0.2396178601895269,0.23960587517245524,0.23959388911315405,0.23958190201194474,0.2395699138691918,0.23955792468530157,0.23954593446073003,0.23953394319599264,0.23952195089165462,0.23950995754834836,0.23949796316677618,0.23948596774770636,0.23947397129197356,0.23946197380049095,0.23944997527423784,0.23943797571425574,0.23942597512165098,0.239413973497567,0.23940197084319104,0.2393899671597297,0.2393779624483804,0.23936595671031724,0.23935394454122028,0.23934193683763327,0.2393299281464658,0.23931791846703687,0.23930590779492977,0.23929389612598695,0.23928188345627943,0.23926986978208742,0.23925785509988617,0.23924583940632527,0.2392338226981855
0.16161616161616163,0.232003359272141,0.23198926344576654,0.23197516632276227,0.23196106790313276,0.23194696818689375,0.2319328671740848,0.23191876486476182,0.23190466125900855,0.231890556356938,0.2318764501586914,0.23186234266445038,0.23184823387443643,0.23183412378892165,0.23182001240822414,0.23180590905998377,0.23179180884053474,0.23177770732833536,0.23176360452397737,0.23174950042813736,0.23173539504158613,0.23172128836570416,0.23170718041822436,0.23169307120783267,0.2316789607349251,0.23166484899989648,0.231650736003145,0.23163662174507282,0.2316225062260907,0.231608389446618,0.23159427140707634,0.23158015210790417,0.23156603154954358,0.23155190973244322,0.23153778665705615,0.2315236623238237,0.2315095367331813,0.23149540988554285,0.23148128178127803,0.2314671524207086,0.23145301838198917,0.23143888664931955,0.231424753671287,0.23141061944921115,0.23139648398414048,0.23138234727682105,0.23136820932762214,0.23135407013648535,0.23133992970289197,0.23132578802582904,0.2313116451037418
0.17171717171717174,0.2239160653872081,0.2238994956900261,0.22388292442369395,0.22386635158824353,0.22384977718370536,0.22383320121011407,0.22381662366750188,0.22380004455591052,0.22378346387538872,0.22376688162599345,0.2237502978077961,0.2237337124208829,0.22371712546536504,0.2237005369413716,0.22368394684906767,0.22366735518864678,0.22365076196034883,0.2236341671644564,0.2236175708013065,0.22360097287129466,0.2235843733748829,0.2235677723126115,0.22355116968509914,0.22353456549305584,0.2235179597372947,0.2235013524187237,0.22348474353836867,0.22346813309737423,0.22345152109700328,0.22343490753863948,0.22341829242379863,0.2234016757541143,0.22338505753133808,0.22336843775733184,0.22335181643404645,0.22333519356351728,0.22331856914783388,0.22330194318911112,0.22328531568946008,0.2232686828135938,0.22325205253227565,0.22323542073018676,0.2232187874068361,0.22320215256150622,0.223185516193245,0.22316887830081678,0.22315223888266478,0.2231355979369053,0.2231189554613131,0.22310231145328552
0.18181818181818182,0.21548327807388423,0.21546387360126484,0.21544446723129762,0.21542505896423392,0.2154056488117766,0.21538623678537094,0.21536682288535203,0.2153474071120416,0.21532798946575027,0.2153085699467704,0.2152891485553836,0.2152697252918574,0.21525030015644986,0.21523087314940115,0.21521144427094785,0.21519201352131234,0.2151725809007139,0.21515314640936645,0.2151337100474806,0.21511427181526965,0.21509483171294852,0.21507538974074425,0.215055945898893,0.21503650018764764,0.2150170526072901,0.21499760315811545,0.21497815184045266,0.2149586986546742,0.21493924360118077,0.21491978668040956,0.21490032789285218,0.21488086723903543,0.21486140471952508,0.21484194033493154,0.21482247408587885,0.21480300597302293,0.21478353599702737,0.21476406415853155,0.21474459045815297,0.214725114723744,0.2147056373326559,0.2146861580992574,0.21466667702561382,0.21464719411345268,0.2146277093641128,0.21460822277847025,0.21458873435688186,0.2145692440993352,0.21454975200789173,0.21453025808008108
0.19191919191919193,0.2067177760887946,0.2066958822491003,0.20667398621668753,0.2066520879917082,0.20663029026755808,0.20660854613680002,0.2065867998266826,0.2065650513374051,0.2065433006691919,0.20652154782228993,0.2064997927969816,0.2064780355935848,0.20645627621246287,0.20643451465402196,0.20641275091872902,0.20639098500710573,0.20636932194915247,0.20634770194218022,0.2063260797728329,0.20630445544195675,0.20628282895050165,0.20626120029952832,0.20623956949021782,0.20621793652388265,0.20619630140197154,0.20617466412607843,0.20615302469794972,0.20613138311948487,0.2061097393927498,0.20608809353402124,0.2060664544010531,0.2060449448792422,0.20602343325539618,0.2060019195297581,0.20598040370253945,0.20595888577392096,0.2059373657440431,0.20591584361299398,0.20589431938080016,0.20587279160055616,0.20585126334173376,0.20582973298310614,0.20580820052655258,0.20578666597371476,0.2057651293259507,0.20574359058424263,0.20572204974912034,0.20570051532844158,0.20567910008122336,0.2056576827526343
0.20202020202020204,0.198262228511369,0.19823847170232556,0.19821471245637634,0.19819095077377136,0.19816718665475186,0.19814342009956176,0.1981196511084382,0.19809587968162146,0.19807210581935641,0.19804832952188978,0.19802455078948122,0.19800076962239999,0.19797698602093572,0.1979531999853954,0.19792941151611743,0.1979056206134684,0.19788182727785963,0.19785803150974557,0.1978342333096368,0.1978104326781065,0.19778662961579907,0.1977628241234458,0.19773901620186485,0.19771520585197988,0.19769139307483208,0.197667578124048,0.1976437607650704,0.19761994098276658,0.19759611877873096,0.19757229415471067,0.19754846711262608,0.19752463765455763,0.19750080578275497,0.1974769714996235,0.1974531348077171,0.19742929570972434,0.19740545420844713,0.19738161030676826,0.19735776400761784,0.19733390788743588,0.19731005697881754,0.19728620370186312,0.1972623480568475,0.19723849004388472,0.1972146296629118,0.19719076691360815,0.19716690179534435,0.19714303430714675,0.1971191644476631,0.19709529349777943
0.21212121212121213,0.1895986138951533,0.18957157590410778,0.18954453509353697,0.18951749146382912,0.1894904450153898,0.1894633957486591,0.1894363436641029,0.18940928876222296,0.1893822310435639,0.18935517050870843,0.1893281071582955,0.18930104099301648,0.1892739720136326,0.18924690022668,0.1892198256534351,0.18919274829638566,0.1891656681561733,0.1891385852334333,0.18911149952879514,0.18908441104289264,0.18905731977636164,0.1890302257298475,0.18900312890400706,0.18897602929951796,0.1889489269170861,0.18892182175744243,0.18889471382135792,0.188867603109649,0.1888404896231819,0.18881337336287052,0.1887862543296963,0.188759132524698,0.1887320079489767,0.18870488060369794,0.18867775049007274,0.18865061760936874,0.18862348196288936,0.188596343551948,0.18856920237785946,0.1885420556713362,0.18851490912172975,0.18848776069941142,0.18846060953418342,0.1884334556295324,0.1884062989885804,0.18837913961397157,0.18835197750778487,0.18832481267146073,0.18829764510573432,0.1882704748105598
0.22222222222222224,0.1810388091097228,0.18101225361366613,0.18098569515100138,0.18095913372205252,0.18093256932714485,0.1809060019666192,0.18087943475036605,0.18085286745626195,0.18082629719848542,0.1807997240758934,0.18077314801770328,0.18074656899716657,0.18071998701479197,0.18069340207112417,0.18066681416676622,0.18064022330237273,0.18061362947867043,0.18058703269645682,0.1805604329566124,0.1805338302601135,0.18050722460804092,0.18048062004694465,0.1804540141026415,0.1804274052075283,0.1804007933632079,0.18037417857144544,0.18034756083417558,0.18032094015350708,0.180294316531743,0.18026768997137155,0.18024106047508037,0.1802144280457525,0.18018779268646967,0.18016115440049174,0.18013451319126017,0.18010786906236897,0.18008122201754262,0.1800545720611788,0.18002792114157684,0.18000126153542606,0.17997460829845335,0.1799479521689502,0.17992129314999672,0.1798946312444989,0.17986796645513514,0.17984129878424648,0.1798146282337505,0.1797879548050728,0.1797612784990763,0.17973459931597224
0.23232323232323235,0.17312086027439944,0.17309347054526603,0.17306607761740989,0.1730386814913396,0.17301128216755646,0.17298387964656714,0.17295647392887759,0.17292949759486542,0.17290265234146274,0.17287580392811264,0.17284895235532405,0.17282209762362055,0.17279523973355215,0.17276837868568462,0.1727415144806249,0.1727146471190094,0.17268777660152423,0.17266090292890146,0.17263402610193457,0.1726071461214853,0.17258026298849405,0.1725533767039873,0.17252648726908992,0.17249959468503828,0.1724726989531915,0.1724458000750384,0.17241889805221755,0.17239199288652085,0.1723653749941112,0.1723389930416226,0.172312607985857,0.17228621982939618,0.1722598285750302,0.17223343422574366,0.1722070367847205,0.1721806362627012,0.17215423276176822,0.1721278261796958,0.17210141652026278,0.17207498770124285,0.17204857189505884,0.17202215304615764,0.17199573115716804,0.17196930623060058,0.17194287826879395,0.1719164472738295,0.17189001324745457,0.17186357619102433,0.17183713610543916,0.17181069299106488
0.24242424242424243,0.16617441738094496,0.16614714714498346,0.16611987348979262,0.16609259641590324,0.16606531592385476,0.16603803201421274,0.16601074468755928,0.16598345394449998,0.16595615978567002,0.16592886221172953,0.16590156122337718,0.1658742568213485,0.16584694900642805,0.1658196377794392,0.16579232314126802,0.16576500509285697,0.16573768363521868,0.16571035876943674,0.16568303049667654,0.16565569881819608,0.16562836373535683,0.1656010252500566,0.16557368337046696,0.16554633810023467,0.1655190136754423,0.16549194951617485,0.1654648819877107,0.1654378110918424,0.16541073683050844,0.16538365920578446,0.16535657821990335,0.16532949387525364,0.16530240617439373,0.16527531512003524,0.16524822071505763,0.1652211229624888,0.1651940218654937,0.165166917427363,0.16513980965147157,0.16511268268113333,0.16508556817740083,0.16505845035895628,0.1650313292312522,0.16500422220353483,0.16497715318731587,0.1649500808847406,0.16492300529995663,0.16489595497892628,0.16486893078209597,0.16484190331975146
0.25252525252525254,0.15947419186066258,0.1594450432222273,0.15941589083836927,0.15938673470974096,0.15935757483701785,0.15932841122090202,0.15929924391899397,0.15927007325610476,0.15924089885221737,0.1592117207081153,0.1591825388246364,0.1591533532026529,0.15912416384308858,0.1590949707469037,0.159065773915128,0.1590365733488477,0.15900736904920132,0.1589781610174098,0.15894894925477587,0.15891973376269297,0.15889051454265812,0.15886129159626794,0.15883206492524782,0.15880283453144228,0.15877360041681743,0.1587443625835021,0.1587151210337766,0.15868587577007687,0.15865662679502313,0.15862737411140304,0.15859811772219268,0.15856885763055906,0.15853959383982996,0.15851035098336919,0.1584811987430944,0.15845204282381542,0.15842288322956133,0.15839371996448537,0.15836455303281438,0.15833536506771695,0.15830619087522824,0.15827701303757147,0.15824783155939415,0.15821864644518868,0.15818945769921622,0.15816026532539862,0.1581310693272313,0.15810186970768203,0.15807266646910345,0.15804345961316035
0.26262626262626265,0.15276156159976362,0.15272954600403943,0.15269752624541533,0.15266550232480158,0.15263347424311746,0.15260144200130898,0.15256940560034038,0.15253736504119908,0.15250532032490272,0.15247327145249345,0.15244121842505187,0.15240916124369397,0.1523770999095828,0.15234503442391856,0.15231296478796041,0.15228089100302156,0.15224881307047944,0.15221673099177646,0.15218464476843052,0.152152554402043,0.15212045989431078,0.1520883612470183,0.15205625846205884,0.15202415154144178,0.15199205986360453,0.15195998171032388,0.15192789943288,0.1518958130338065,0.15186372251580038,0.15183162788170246,0.1517995291345129,0.1517674262773856,0.1517353269143853,0.151703236454518,0.15167114189806608,0.1516390432487652,0.1516069405104593,0.1515748336870848,0.1515427227826206,0.1515105901957804,0.15147847116045243,0.15144634807430846,0.151414220940283,0.15138208976118128,0.15134995453962907,0.1513178152779997,0.15128567197834952,0.1512535246423683,0.15122137327132457,0.1511892178660057
0.27272727272727276,0.1461201063549007,0.1460872591944511,0.14605440763916255,0.14602155169003828,0.14598869134809145,0.14595582661436368,0.14592295748991613,0.14589008397583592,0.14585720607324393,0.14582432378328636,0.1457914371071536,0.1457585460460743,0.14572565060133047,0.14569275077424348,0.14565984656620345,0.1456269379786579,0.14559402501312824,0.14556110767120922,0.14552818595457895,0.14549525986501233,0.1454623294043904,0.14542939457469495,0.14539645537803103,0.1453635118166371,0.1453305638928788,0.14529761160928167,0.145264737008041,0.14523197940829924,0.14519921747611675,0.14516645121471017,0.145133680627487,0.14510090571804135,0.14506812649016376,0.14503534294781495,0.14500255509514692,0.14496976293646302,0.14493696647620669,0.14490416571895048,0.14487136066933615,0.14483852960722876,0.14480571601558967,0.14477289815247674,0.14474011856430669,0.14470734361362325,0.1446745644150469,0.1446417809736209,0.14460899329390153,0.1445762013798677,0.144543405234826,0.1445106048613145
0.2828282828282829,0.13982373002566817,0.1397945535510483,0.13976537243724785,0.13973618668492205,0.13970699629473238,0.1396779120435404,0.13964886721817815,0.13961981776133037,0.13959076367372947,0.13956170495612863,0.13953264160931866,0.1395035736341219,0.13947450103140935,0.13944542380208458,0.13941634194711172,0.1393872554675084,0.13935816436435677,0.13932906863824712,0.13929996828969693,0.13927181015190082,0.1392439819256639,0.13921614909954116,0.13918831167508683,0.13916046965398565,0.13913262303804808,0.13910477182924696,0.13907691602990613,0.13904905564249104,0.13902119066909946,0.13899332111238327,0.1389654469751852,0.13893756826054027,0.13890968497179035,0.1388817971123213,0.13885390468568892,0.1388260076956822,0.13879810614625465,0.1387702000415103,0.13874228938565292,0.1387143524688419,0.1386864326882049,0.1386585083782793,0.13863057954410163,0.13860283062421974,0.13857608593276993,0.13854933674663483,0.13852258306984355,0.1384958249059579,0.13846906225798905,0.13844229512831752
0.29292929292929293,0.135299145463454,0.13527813457527715,0.13525711872873236,0.13523609792358582,0.1352150721596065,0.1351940414365812,0.13517300575431146,0.13515235493028976,0.1351321428979897,0.13511192590984034,0.1350917039656384,0.13507166143137173,0.13505229299998311,0.13503291964742414,0.13501354137355825,0.1349941581782974,0.13497477006161596,0.13495537702355143,0.1349359790642165,0.13491657618381137,0.1348971683826351,0.13487775566108096,0.13485833801966307,0.1348389154590266,0.1348194879799427,0.13480005558335018,0.13478061827034593,0.13476117604219517,0.13474172890036662,0.13472227684652138,0.1347028198825314,0.1346833580104857,0.1346638912327076,0.13464441955173245,0.13462494297034322,0.13460546149153196,0.13458597512036197,0.13456648386580428,0.13454698772402107,0.13452746596852982,0.13450795993625808,0.13448844903700585,0.13446916087427285,0.13445043361079634,0.13443170152273698,0.13441296461596042,0.13439422289982828,0.13437547645127168,0.1343567251983615,0.13433796914447582
0.30303030303030304,0.13233361737206129,0.1323175628940454,0.13230150280562047,0.13228543710579999,0.13226936579359805,0.13225328886804366,0.13223753329264865,0.13222205007009302,0.13220656125316466,0.13219106684088167,0.1321759313766483,0.13216079987235052,0.13214566277880302,0.1321305201013765,0.1321153718266428,0.1321002179499856,0.13208505847064522,0.1320698933879203,0.1320547227011808,0.13203954640987592,0.13202436451354782,0.13200917701182702,0.1319939839044566,0.13197878519130457,0.13196358087235605,0.1319483709477569,0.13193315541780548,0.13191793428295684,0.13190270754386546,0.1318874752013719,0.1318722372565202,0.13185699371056658,0.13184174456499986,0.13182648982166245,0.13181122948256907,0.13179596354966394,0.13178069202532283,0.13176541491214222,0.13175013221288867,0.13173482641504353,0.13171953231373335,0.13170423264852593,0.13168892742327865,0.13167361664177768,0.13165830030766257,0.1316429784243709,0.13162765099507112,0.1316123180225962,0.1315969795093781,0.13158163545738677
0.31313131313131315,0.13007444444268157,0.1300647498212475,0.13005504865150452,0.1300461158099009,0.1300383609566934,0.1300305995295281,0.13002283152608762,0.1300150569440619,0.13000727578115034,0.12999948803506434,0.1299916937035328,0.12998389278430222,0.12997608527514448,0.12996827117385223,0.12996045047825422,0.1299526231862138,0.12994478929563624,0.12993694880447326,0.12992910171073002,0.12992124801247673,0.12991338770785832,0.12990552079508944,0.129897647272479,0.12988976713843736,0.12988188039147341,0.12987497056024844,0.12986891878218343,0.1298628603651093,0.1298567953078431,0.12985072360936378,0.12984464526882822,0.12983856028558338,0.12983246865918452,0.1298263703893785,0.129820265476146,0.12981415391966822,0.12980803572033905,0.12980191087877424,0.12979577939577147,0.12978963430882495,0.12978348919431948,0.1297773374479957,0.12977117907373992,0.12976501407530883,0.12975884245623903,0.12975266421980014,0.12974647936892758,0.1297402879061551,0.12973408983354517,0.12972788515264488
0.32323232323232326,0.12941530934900247,0.1294134488442712,0.12941158039092326,0.12940970398543716,0.12940781962428693,0.12940592730394607,0.1294041508582081,0.12940260100912693,0.1294010431984678,0.1293994774226549,0.1293979036781192,0.12939632196116446,0.12939473226697684,0.12939313459159862,0.1293915289313905,0.1293899158640024,0.1293882949143197,0.1293866659693388,0.1293850290255324,0.12938338407941685,0.1293817311275609,0.12938014459329839,0.12937982071425613,0.12937948938338806,0.12937915093566654,0.12937880443260485,0.12937844987102975,0.12937808724787214,0.1293777165601976,0.12937733780520233,0.1293769509802254,0.12937655608276333,0.12937615311048511,0.12937574206122382,0.12937532293301213,0.1293748957240589,0.1293744604327649,0.12937401720134778,0.12937356636779995,0.1293731086934844,0.12937264145875826,0.1293721661418742,0.12937168274053312,0.12937119125251884,0.1293706916756947,0.1293701840080116,0.12936966824750062,0.1293691443922701,0.12936861244049125,0.12936807239038473
0.33333333333333337,0.1295018474260845,0.12951146876794173,0.12952108008963092,0.12953068138531987,0.12954027264917012,0.12954985387533524,0.12955942505796414,0.12956898619119617,0.12957853726916468,0.12958807828599506,0.129597609235806,0.1296071301127074,0.1296166409108026,0.12962614162418795,0.1296356322469523,0.12964511277317925,0.12965458319694667,0.12966473856606975,0.12967668734994997,0.12968862589261432,0.12970055418772386,0.12971247222893312,0.12972438000989994,0.12973627752428385,0.12974816476574813,0.12976004172797262,0.12977190840465114,0.1297837647894935,0.12979561087624325,0.12980744665867816,0.1298192721306155,0.12983108728592652,0.12984289211854394,0.12985468662246802,0.12986647079178704,0.12987824462067743,0.1298900081034181,0.1299017612344069,0.12991350400816204,0.12992533228578784,0.1299379721799322,0.129950601677018,0.12996446978999854,0.1299794305987041,0.12999438087254622,0.13000932060636883,0.13002424979514005,0.13003916843398255,0.13005407676061043,0.13006897468726075
0.3434343434343435,0.13144449374583322,0.13146471295015316,0.13148491932930684,0.13150511287481104,0.13152530064434131,0.131545480882319,0.1315658575383022,0.13158628869272582,0.13160670697707488,0.13162711238275282,0.13164750490114452,0.13166788452361633,0.1316882512415135,0.131708605046162,0.13172894592886097,0.13174927388088675,0.1317695888934851,0.13178989095787397,0.13181018006524048,0.13183045620673783,0.131851560823687,0.1318727414473272,0.13189390903379716,0.13191506357394234,0.1319362050585673,0.13195733347843897,0.13197844974606388,0.13199956003645497,0.13202227032082048,0.13204525396070743,0.13206822436088161,0.13209118151152532,0.13211412540280287,0.1321370560248748,0.13215997336790963,0.13218287742210055,0.13220576817766916,0.13222864562490255,0.1322515097541671,0.13227440828189474,0.1322972452564306,0.1323200688696824,0.13234287911717768,0.13236567599429372,0.13238845949622524,0.13241122961802954,0.13243398635464065,0.13245672970087552,0.1324794638814909,0.13250219033228194
0.3535353535353536,0.13489578137633584,0.13493927921713267,0.13498276016211763,0.13502622419606414,0.13506967130519865,0.13511310147572497,0.1351565673334787,0.13520186281163382,0.13524731319943806,0.13529274653417345,0.1353381628015844,0.13538356198738755,0.13542894407725825,0.1354743090568422,0.13551965691173617,0.13556601175795202,0.1356131458082972,0.13566026255694563,0.13570736198895217,0.13575444408930615,0.13580240492701823,0.13585101894481932,0.1358996812570067,0.13594832606285778,0.1359969533466563,0.1360455630925952,0.13609415528477453,0.13614272990720133,0.13619128694378657,0.13623982637836152,0.1362883481946653,0.1363368523763664,0.1363853389070655,0.136433807770316,0.13648225894963995,0.1365306924285481,0.13657910819056884,0.13662889620683527,0.1366791209431627,0.13672940440367032,0.13677959778499194,0.13682982744188554,0.13688006196935265,0.13693027856552709,0.1369804772138099,0.13703065789817015,0.13708082060322058,0.13713096531426572,0.1371821312723891,0.13723392528973588
0.36363636363636365,0.14104623100323432,0.14111216971365492,0.14117907189107348,0.1412459526923513,0.1413128120977314,0.14137965008976938,0.14144683731711105,0.14151414067378754,0.14158237663775886,0.14165059121657098,0.1417188294601348,0.1417870636329298,0.1418552763791039,0.14192346767831143,0.1419916375101673,0.14205978585425605,0.14212791269011704,0.14219601799725123,0.14226410175511583,0.14233216394312398,0.14240020454064461,0.14246865552416044,0.14253811008053774,0.14260754284558574,0.14267695379816792,0.14274634291710953,0.14281571018119077,0.14288505556914566,0.14295450469381654,0.1430241616491419,0.1430937967243372,0.1431634098981156,0.14323300114921822,0.14330257045642636,0.14337211779860504,0.1434416431547033,0.143511690880207,0.1435821794498947,0.143652646010758,0.14372315497739874,0.14379357712442498,0.1438639771635617,0.14393435507422092,0.1440047108363296,0.14407504443037478,0.1441453558374559,0.1442156450393235,0.14428594984191712,0.14435625031132604,0.14442720125273611
0.37373737373737376,0.1488997683280684,0.14897961460948794,0.14905943439265845,0.14913922765866894,0.14921978707532646,0.14930041000462135,0.14938100636882945,0.1494615761429703,0.14954211943543894,0.1496226362174613,0.14970312953469822,0.14978360783661382,0.1498641277277566,0.14994483647174228,0.15002551851571555,0.15010617383451919,0.15018680240296667,0.15026750400602218,0.1503482086406801,0.15042888643213803,0.1505095373550882,0.15059016138418757,0.15067075849407918,0.1507513286593829,0.1508318718546906,0.15091238805459672,0.15099287723368116,0.15107333936650935,0.1511537744276642,0.15123418239174957,0.15131456323338233,0.15139493268805948,0.15147530446549407,0.15155564905991104,0.15163686733089032,0.15171833575680682,0.15179977678546752,0.15188119039169556,0.15196257655019507,0.15204399851161687,0.15212532945925938,0.15220703503757138,0.15228934469832134,0.15237162659361414,0.15245388069904564,0.15253610699090991,0.15261830544621713,0.15270047604273218,0.15278261875898558,0.15286473949542723
0.38383838383838387,0.15742756389889911,0.15751533139875584,0.15760306641199717,0.15769100329197117,0.15777940264907697,0.15786776945591996,0.1579561165980028,0.15804547831363824,0.15813480724267892,0.15822410335518344,0.15831336662119355,0.15840259701073856,0.15849191580743605,0.15858208142370167,0.15867221398569709,0.15876231346315905,0.15885237982579592,0.1589424130432957,0.15903249240329664,0.15912254647031399,0.15921256727651234,0.1593025547914516,0.15939250898467716,0.15948242982571348,0.15957231728405508,0.15966221649134194,0.1597522388547723,0.15984222778532664,0.1599321832524946,0.1600221052257902,0.16011199367474493,0.16020184856894293,0.1602916698780361,0.16038145757174527,0.16047121161992173,0.1605609319925263,0.16065061865967434,0.16074027159168913,0.16082989075909615,0.16091953484865984,0.16100908627709565,0.16109860380116536,0.16118808739040236,0.16127753701495395,0.16136695264563095,0.1614563342539641,0.16154568181224782,0.16163532329321417,0.16172548902825334,0.16181562048690656
0.393939393939394,0.16625685528502387,0.1663528856254296,0.16644887624552263,0.16654482711036256,0.1666407381850077,0.16673660943450086,0.16683244082388526,0.16692823231818654,0.167023983882419,0.16711969548158856,0.1672153670806822,0.16731099864467236,0.16740659013851067,0.16750214152713427,0.16759765277545347,0.16769312384836366,0.16778855471072895,0.16788398116830994,0.1679795646907759,0.16807510795666492,0.1681706109307215,0.16826607357765933,0.1683614958621732,0.16845687774893459,0.16855221920258678,0.16864752018777152,0.1687427806691152,0.16883800061122822,0.16893317997873403,0.169028318736276,0.16912341684850685,0.16921847428012737,0.16931349099589643,0.16940846696063705,0.16950340213929538,0.16959829649692137,0.16969314999871798,0.16978796261008733,0.16988273429663692,0.16997765942795806,0.17007291753908516,0.17016813458714874,0.17026331053574484,0.17035844534902522,0.17045393206163806,0.1705497035422191,0.17064543370882257,0.17074112252832574,0.17083685176656715,0.17093265546091008
0.4040404040404041,0.17513268928792347,0.17523229804038043,0.17533185917219618,0.17543137264354136,0.17553083841458783,0.17563055951124318,0.1757307393199351,0.17583087115438922,0.1759309549745085,0.1760309907401847,0.17613097841128778,0.1762309179476682,0.1763313485967466,0.17643180104616163,0.17653220517114454,0.17663256093128954,0.17673286828615287,0.17683312719526012,0.17693333761810137,0.1770334995141275,0.1771336128427532,0.17723367756334862,0.1773336936352481,0.17743366101774338,0.17753357967008188,0.17763344955148463,0.17773327062113453,0.17783304283818013,0.17793276616268383,0.17803293137779053,0.17813306032685738,0.17823314027545278,0.17833317118114067,0.1784331530030987,0.17853308570196247,0.1786329692351175,0.1787328035620328,0.17883258864415053,0.1789323244401385,0.1790320565731669,0.17913169368795767,0.17923128133971877,0.17933081948654506,0.17943030808462268,0.17952974709237413,0.1796291364689676,0.17972847617440024,0.17982776617121488,0.1799270064200127,0.18002619688315713
0.4141414141414142,0.183922104766434,0.18402539833982634,0.18412863518910894,0.18423181526938337,0.18433493853576088,0.18443800494333795,0.18454101444721194,0.18464396700246988,0.18474686256418393,0.18484970108741705,0.18495248252720886,0.18505520683857923,0.1851578739765135,0.18526048389624472,0.18536303655344954,0.18546553190199644,0.18556796989672175,0.1856703504924182,0.18577267364382144,0.18587493930560584,0.1859771474323788,0.18607929797867884,0.18618139089897112,0.18628342614763538,0.18638553897835397,0.18648764412129148,0.18658969143213722,0.18669168086487864,0.18679361237341308,0.18689548591156835,0.18699730143356197,0.1870990589054814,0.18720075826635751,0.18730239946975646,0.18740398246928291,0.18750563267281406,0.1876081286285991,0.18771066243246404,0.18781313770274555,0.18791559405020242,0.18801795214100792,0.1881202515026562,0.1882224920859661,0.1883246738423272,0.18842679672382734,0.1885288606833525,0.1886308656746949,0.18873281165262912,0.18883495683727936,0.18893742950450876
0.42424242424242425,0.1925019083557542,0.1926071685688241,0.19271236188864804,0.19281748826508238,0.19292254764800265,0.19302753998727196,0.19313246523276018,0.1932373233343314,0.19334211424183922,0.19344683790513206,0.19355149427403506,0.19365608329835626,0.19376060492786773,0.19386505911232477,0.19396944580143194,0.1940737649448565,0.19417801649220978,0.19428220039305089,0.19438631659687444,0.19449036505309814,0.19459434571105616,0.1946982585200039,0.19480210342909665,0.19490588038738355,0.19500958934381307,0.19511323024720872,0.19521680306082512,0.19532030772501874,0.19542374418224484,0.19552711238110043,0.19563041226923494,0.19573364379474967,0.19583680690563532,0.19593990154980723,0.19604292767510856,0.19614588522934762,0.19624877416032893,0.19635159441588923,0.19645434594395694,0.19655706603609646,0.19665968002003598,0.1967622250644211,0.19686470111376997,0.19696710811317764,0.1970694460084692,0.19717171474632533,0.19727391427441465,0.1973760445414996,0.19747810549754308,0.19758009709378976
0.43434343434343436,0.2007436025802798,0.20085267797935769,0.20096167538952592,0.20107059475454725,0.2011794360182111,0.2012881991645803,0.20139688413618229,0.2015054910127836,0.20161402162268538,0.20172247385235798,0.20183084767384463,0.2019391430434906,0.20204761358217305,0.20215730970329782,0.2022679420380895,0.20237849539244412,0.20248896974791664,0.202599364996229,0.2027096810800899,0.20281991794213405,0.20293007554425813,0.20304015384654717,0.20315015276022996,0.20326007225368503,0.20336991226918155,0.20347967274679157,0.20358935363013342,0.20369895482943656,0.2038084762863568,0.2039179179424332,0.2040272797390732,0.20413656161756855,0.20424576351909163,0.20435665456122254,0.20446758342646731,0.2045784320312063,0.20468920031601456,0.2047998882215063,0.20491049588315724,0.20502105549797478,0.20513150215523412,0.20524186814772638,0.20535215341258461,0.20546235788754919,0.20557248151112384,0.20568252422270528,0.20579248596272293,0.2059023666727453,0.20601216629558827,0.2061218847754035
0.4444444444444445,0.20913574757578335,0.20925062306743947,0.20936540768305179,0.20948010135916517,0.20959470403235747,0.2097092156392153,0.20982363611634902,0.20993796540038112,0.21005220342793762,0.21016635013565865,0.21028040546017457,0.2103943693381155,0.2105082417060884,0.21062202250069784,0.21073571165850757,0.21084973680856534,0.21096496548731247,0.21108010222538254,0.21119514695862063,0.21131009962280145,0.21142496015362355,0.21153972848670932,0.21165440455758622,0.21176898830167545,0.21188347965429655,0.21199787855064167,0.21211218492578032,0.21222639871504234,0.21234051985284386,0.21245454827385457,0.2125684839126072,0.21268232670351273,0.2127960765808542,0.21290973347882902,0.21302329733154368,0.2131367680730485,0.21325014563738243,0.2133634299592413,0.21347665919250347,0.21359012346822892,0.2137035567359863,0.21381692970360033,0.21393020898688808,0.21404339451750887,0.2141564862278209,0.21426948405101387,0.21438238792125242,0.21449519777378834,0.2146079135450799,0.2147205351728858
0.4545454545454546,0.2174163008014225,0.2175332722794442,0.21765013906826192,0.2177669010981218,0.21788355829931938,0.21800011060217883,0.2181165579370672,0.21823290023438102,0.21834913742454332,0.21846526943800848,0.21858129620524402,0.218697217656735,0.21881303372296945,0.2189287443344483,0.21904434942165996,0.219159848915087,0.21927524274518806,0.21939053084239957,0.21950571313712042,0.21962078955970432,0.21973576004044615,0.21985062450957815,0.21996538380001174,0.22008003846143986,0.22019458839896444,0.2203090320526928,0.22042378740069135,0.220539522803177,0.2206554715029947,0.22077150218724895,0.22088742764410174,0.22100324611275468,0.22111895752102795,0.22123456179663148,0.2213500590682833,0.22146545061292144,0.22158073480901497,0.22169591158406998,0.22181098086565776,0.2219259722685727,0.22204082646490475,0.22215557426899524,0.22227021450082707,0.2223847468130058,0.22249917113133133,0.22261348738247477,0.2227276954941353,0.2228417953951627,0.22295578726881216,0.22306967207901662
0.4646464646464647,0.22539933692414715,0.2255159298628988,0.22563240306921806,0.22574875646757442,0.22586498998251137,0.2259811035386159,0.2260970970605347,0.2262130098729268,0.22633013244197675,0.2264471346345498,0.2265640163749325,0.2266807775874451,0.2267974193932749,0.22691394053634717,0.22703034092567487,0.22714662048563428,0.22726277914058923,0.2273788168148947,0.2274947334328834,0.22761052891885103,0.22772620319704884,0.2278417561916758,0.22795718782686492,0.22807249802666862,0.22818768671505274,0.22830275381588216,0.228417699252911,0.22853252366563537,0.22864722662473136,0.22876180769147947,0.22887626678911066,0.22899074404151798,0.22910512964613283,0.22921939300014582,0.22933353402620682,0.229447552646879,0.22956144878466933,0.22967522236206594,0.2297888733015918,0.2299024279280395,0.23001583358708233,0.23012911631605504,0.23024227603382308,0.2303553126595832,0.23046822611290285,0.23058101631459538,0.23069368371119436,0.23080622812554885,0.2309186490585572,0.23103094643614708
0.4747474747474748,0.23300426384822914,0.23312113102644494,0.23323786186408535,0.23335445627945384,0.2334709147971087,0.23358723698557426,0.23370342250790488,0.23381947128269054,0.23393538322858132,0.23405115826429101,0.23416679630857828,0.2342822972802543,0.23439766109815996,0.2345128876811826,0.2346287096957408,0.2347447767969344,0.2348607062659167,0.2349764980211687,0.23509215198116284,0.23520766806434923,0.23532304870678544,0.23543859558541202,0.23555479962719694,0.23567086531662795,0.23578679257143986,0.2359025813092731,0.23601823144766554,0.2361337429040442,0.2362491155957025,0.23636434943981777,0.23647944435589185,0.23659440026681322,0.2367092170809003,0.23682389471479803,0.2369384330850366,0.2370528321745422,0.23716747575625863,0.2372826591029542,0.23739770270131055,0.2375126323818848,0.2376274203944776,0.23774208267045915,0.23785661418852921,0.23797100551550843,0.2380852705210399,0.23819940432012687,0.23831339768809312,0.23842725054131253,0.23854096609835973,0.2386545599879064
0.48484848484848486,0.24033011197566767,0.24044848551229903,0.24056670454262874,0.2406847689781817,0.2408026787305897,0.24092043371156668,0.24103804997025424,0.2411555146834503,0.24127282437636088,0.24138997896103698,0.241506978349614,0.24162382245439185,0.24174051231808003,0.2418570515724886,0.24197343528523996,0.242089680438915,0.24220577147269928,0.24232170671695674,0.2424374860840386,0.24255322856718187,0.24266913974657423,0.24278489459537145,0.2429004930257589,0.2430159349498675,0.24313122741301063,0.2432466998397831,0.24336267753859175,0.24347849823382872,0.24359416183675342,0.2437096682585217,0.24382501741015705,0.24394020920256354,0.24405524354651575,0.24417012035268248,0.24428485111886922,0.24439942733664988,0.24451384575988944,0.24462810629900433,0.24474220886445275,0.244856175550624,0.24496996211967248,0.24508359724830364,0.24519707436492344,0.24531040210364674,0.24542357530913606,0.24553658987176874,0.24564944570136504,0.2457621427088834,0.24587468080657227,0.2459870599081151
0.494949494949495,0.24736834939342578,0.24748742101057886,0.24760632564964935,0.24772643997550436,0.24784744816295934,0.24796828300690232,0.24808894441153595,0.24820943228117276,0.24832974652023554,0.24844988703325877,0.2485698537248755,0.24868964649982017,0.24880926526291336,0.24892870991907445,0.24904798037329567,0.2491670767661356,0.24928599911529148,0.24940479541751692,0.24952481705975305,0.24964466507358019,0.24976433873697335,0.2498838378372379,0.25000316227890074,0.2501223119664935,0.2502412868045446,0.2503600866975717,0.25047871155007007,0.2505971612665068,0.2507154357513073,0.25083359176779985,0.25095181270123534,0.25106987165238515,0.25118791183532374,0.25130577656664776,0.2514234657505072,0.2515409792910619,0.2516584408331526,0.2517770028429879,0.251895530138897,0.25201389197888135,0.2521320680296605,0.25225006821260454,0.25236793216092535,0.25248574024658044,0.25260337227418184,0.2527208281471487,0.2528381153644137,0.25295524052038587,0.2530721892431338,0.25318965108461433
0.5050505050505051,0.2543110393223521,0.2544327093899259,0.2545550051605505,0.25467793438835096,0.2548007618928305,0.2549233969569442,0.2550458394775007,0.2551680893514424,0.2552901464851035,0.25541201077433107,0.2555336821086316,0.2556551603854931,0.2557764455025249,0.25589753735746634,0.25601843584816897,0.2561391408726015,0.256259760178445,0.25638021793384835,0.25650048201056075,0.2566208674633461,0.2567414376072876,0.2568618140885536,0.2569822926437745,0.2571029670304581,0.25722344776649797,0.2573437347499439,0.2574638499025037,0.25758378844176333,0.2577038042694523,0.2578240241651797,0.2579444365796122,0.25806562408836065,0.2581870648279414,0.2583083146468449,0.25842937030555224,0.25855023170183067,0.2586708987335924,0.2587916405383268,0.25891256463327417,0.2590332942454481,0.2591538295319138,0.25927417021147225,0.25939431618059494,0.25951426733629135,0.25963402358150156,0.25975401268287057,0.25987417974748594,0.259994151430215,0.26011398777646577,0.2602340152127247
0.5151515151515152,0.26109836726814084,0.2612218645893447,0.2613451497023005,0.26146822249480284,0.26159108285799515,0.2617137306795838,0.2618361658525572,0.2619593209616824,0.26208386143991014,0.26220818940660684,0.26233230474867864,0.26245621334247127,0.26258001340448534,0.2627036005881569,0.2628269747813017,0.26295013587402083,0.26307308375656824,0.2631958183200427,0.26331833945590155,0.26344064705326153,0.26356274100297183,0.26368462119602143,0.26380628752354207,0.2639277398767983,0.2640494079657222,0.2641709956668107,0.264292369338191,0.26441352887137015,0.2645344741579969,0.26465520508986606,0.26477572155891305,0.2648960234572286,0.26501611067716,0.2651359831127006,0.26525568974920266,0.2653752306205017,0.2654945564509409,0.26561366713375667,0.26573256256244715,0.2658512388193299,0.26596970338546,0.26608795235379223,0.2662059856167428,0.26632425257145,0.26644274231187337,0.26656171586150834,0.26668047376694237,0.266799015922801,0.2669173422251583,0.267035452570926
0.5252525252525253,0.26762552586696664,0.2677481206189932,0.267870480845279,0.2679926064292488,0.2681144972545424,0.26823615320500416,0.26835758474478366,0.2684788606791222,0.26859990145410706,0.2687209013867331,0.26884196288041506,0.268962789114104,0.26908376575817816,0.2692047520884031,0.2693255027510223,0.2694460176311626,0.26956629787130226,0.2696864635847027,0.2698063932633029,0.2699260867929485,0.27004554405967296,0.2701647649496961,0.27028374934942434,0.27040249714544484,0.2705210082245295,0.27063928247363345,0.2707573197798938,0.2708751200306302,0.27099268311334745,0.2711100089157451,0.27122709732570893,0.2713443903155164,0.2714622422731139,0.2715800530695187,0.271697626465894,0.27181496235060054,0.27193206061318653,0.2720489354903348,0.27216563670855465,0.2722820941994595,0.2723983193864914,0.27251430643270635,0.2726300552530003,0.27274556571484654,0.2728608377041716,0.27297587111149635,0.2730906658279749,0.2732052217454224,0.2733195387563423,0.27343361675397604
0.5353535353535354,0.27376508546130474,0.2738830563499306,0.27400096923452644,0.2741186237773606,0.2742360198585083,0.27435315735828725,0.27447003615726906,0.274586656136274,0.2747030171763656,0.2748191617476403,0.2749355318245654,0.2750516425657935,0.275167494218709,0.2752830864082281,0.27539841890799555,0.27551349160034966,0.2756283043678638,0.2757428570933482,0.27585714965984476,0.27597118195062764,0.2760853953814648,0.27619964587624857,0.27631393798019266,0.2764279991843781,0.27654184008369076,0.27665542006695265,0.2767693058881946,0.2768833946899226,0.2769972607586082,0.27711086575788413,0.2772242095721833,0.2773372920862007,0.2774501131849004,0.27756267275352475,0.2776749706776094,0.2777870068429902,0.27789878113582067,0.27801029355046636,0.2781215443482472,0.2782325286121201,0.27834339389821827,0.27845417179014054,0.2785646873191495,0.2786751654965277,0.2787855724137056,0.2788957167038031,0.2790055997919313,0.2791152219687232,0.2792245812202987,0.27933383301773596
0.5454545454545455,0.2794366653805398,0.27954971352864844,0.2796624778191221,0.27977495820086873,0.2798872613796056,0.2799996547864163,0.28011176407311167,0.2802235891178899,0.28033512979923936,0.2804463859959474,0.2805573575870872,0.2806682661977713,0.28077890726114485,0.2808892635014886,0.28099933479886485,0.2811091210336226,0.2812186220863845,0.2813280363691908,0.2814372112322123,0.2815461005048392,0.2816547105924603,0.2817631512897417,0.2818713059124931,0.2819791743429434,0.2820867564635965,0.2821940521572259,0.28230106130687904,0.2824084237980493,0.2825156848124464,0.28262265911678275,0.2827293465945988,0.28283574712972825,0.28294186060629944,0.2830476869087535,0.2831532259218448,0.283258477530657,0.28336344162140725,0.2834681180791788,0.2835725067900341,0.2836766061564229,0.2837804188928684,0.2838839435296835,0.2839873466796299,0.28409070829447347,0.2841937930081969,0.2842967267398083,0.28439937147633976,0.28450172710739174,0.28460379352323417,0.2847055706148447
0.5555555555555556,0.28461151394914297,0.28471706825228504,0.2848223110997449,0.28492724236907374,0.28503186193817975,0.2851364562417321,0.2852410752180502,0.28534538193625214,0.28544937627517286,0.2855530581140008,0.2856564273322669,0.28575948380984995,0.28586222742697,0.28596465806419447,0.2860667756024302,0.2861685799229291,0.28627007090726075,0.28637124843734196,0.28647211239542214,0.28657266266407766,0.2866728991262131,0.28677282166506013,0.2868724301641713,0.28697172450741903,0.2870707045789984,0.2871693702634145,0.28726772144548995,0.28736575801036457,0.2874634798434865,0.2875608868306212,0.28765797885784916,0.28775475581157217,0.28785121757850995,0.2879473640457184,0.2880432201183116,0.28813945105006367,0.28823544566472903,0.28833112472961253,0.28842648813298655,0.2885215401092365,0.2886162717638916,0.288710687411303,0.28880478694068823,0.2888985702418374,0.2889920372051209,0.28908518772152236,0.28917802168269713,0.2892705389809832,0.28936273950941405,0.2894546231617594
0.5656565656565657,0.2892068219124474,0.2893026268026103,0.2893980912483016,0.28949321513045456,0.2895879983304218,0.28968244072996807,0.289776542211274,0.2898703026569347,0.2899637219499561,0.29005679997375844,0.2901495366121698,0.2902421227646086,0.2903345570436211,0.29042664938549545,0.29051839967554316,0.2906098077994479,0.29070087364329844,0.2907915970935855,0.2908819780371912,0.2909720163613876,0.2910617119538297,0.2911510647025606,0.29124007449599976,0.2913287412229435,0.2914170647725878,0.29150504503444585,0.291592681898424,0.2916799752547964,0.29176692710023255,0.29185353845911566,0.29193980599017266,0.29202572958510753,0.29211130913601036,0.29219654453535315,0.2922814356759931,0.29236598245128076,0.2924501847548546,0.29253404256347915,0.29261756009918805,0.2927007460097256,0.2927835781845227,0.29286606781535685,0.2929482126736247,0.2930300143202442,0.2931114713217182,0.2931925830013902,0.2932733515850019,0.2933537745578486,0.29343385181924986,0.29351358484862256
0.5757575757575758,0.29316344935881633,0.29324725031581567,0.2933306811902334,0.2934137410696467,0.29349643092995437,0.29357875090373775,0.2936613533074337,0.2937439631711314,0.29382641213891714,0.29390849052719636,0.2939901971031613,0.29407153175794465,0.2941524943831564,0.2942330862124871,0.29431330647804566,0.2943931543940488,0.29447262985399547,0.29455173275185276,0.29463046298205076,0.29470882187393255,0.29478680870498064,0.2948644225567,0.2949416633253297,0.2950185309075546,0.2950950252004978,0.29517114610171724,0.29524691822769444,0.29532234243768385,0.29539739540818744,0.2954720746307389,0.29554637999128774,0.29562031138987777,0.29569386872696646,0.2957670519034392,0.2958399442251145,0.2959124721569235,0.2959846262374559,0.29605640681852996,0.29612781287162504,0.29619885741791285,0.29626951414005487,0.2963397960314247,0.29640970299612945,0.2964792349388916,0.2965483917651004,0.2966171733813112,0.296685579693857,0.29675361061035077,0.2968212660392341,0.2968885460107109
0.5858585858585859,0.2964832196496585,0.296554795361347,0.29662596886783654,0.2966967400670866,0.29676710885809254,0.2968370751404158,0.296906639272291,0.29697580151248015,0.2970445609475607,0.2971129174793601,0.297180871010265,0.2972484275422089,0.2973155943217253,0.2973823624090324,0.2974487297728391,0.29751469365296,0.29758025395504906,0.29764541058530747,0.2977101634504794,0.29777451245784925,0.2978384575152331,0.2979019985309803,0.2979651354157993,0.2980279183154064,0.2980903009538729,0.2981522799035329,0.29821385446708937,0.29827502455600463,0.2983357900822339,0.2983961509582269,0.2984561070969154,0.2985157448705461,0.2985754888336355,0.29863482791973306,0.2986937620430461,0.29875229111827406,0.29881041506061123,0.29886813378576005,0.2989254472099411,0.29898236899655306,0.29903923725119563,0.2990958517002811,0.2991520600823334,0.2992078623148502,0.29926325831604195,0.29931824800488727,0.29937283130118675,0.2994270081256061,0.29948077839972775,0.29953414204609996
0.595959595959596,0.29912716545402807,0.2991850876415665,0.29924257492970396,0.2992996272311288,0.29935624445919284,0.299412426527901,0.29946817335191733,0.29952348484656166,0.29957836115295966,0.29963280269985626,0.2996868086683673,0.2997403789764217,0.2997935135425933,0.29984621312704696,0.2998984852369876,0.29995032137566724,0.3000017214642178,0.3000526854244072,0.3001032131786294,0.30015330464990375,0.3002029597618646,0.30025217843876395,0.3003009606054592,0.30034930618741085,0.3003976868789143,0.30044566008142226,0.30049319627686444,0.3005402953925598,0.3005869573563906,0.3006331820968068,0.3006789695428106,0.3007243196241991,0.3007692322811155,0.30081370744092595,0.30085774503179363,0.3009013870327968,0.3009446289356178,0.3009874678685255,0.3010298921809258,0.3010719170850882,0.30111349288441847,0.3011546624041985,0.3011953940061721,0.3012356997285135,0.3012755877635689,0.3013150377203542,0.3013540589580861,0.3013926636359421,0.3014308300823205,0.3014685584393042
0.6060606060606061,0.30111891124043644,0.3011614206794583,0.3012034617761581,0.30124505428470405,0.3012861920757196,0.30132686135747333,0.30136708205611873,0.3014068462583741,0.30144614178870444,0.3014849811210114,0.30152337183584577,0.30156162377356766,0.3015994919788294,0.30163691115740887,0.3016738611916254,0.3017103496094262,0.30174638913264973,0.30178200320763526,0.3018171889018304,0.3018519154043888,0.3018861725236196,0.301919960203775,0.30195327839036046,0.30198612702962657,0.30201850606851244,0.3020504154546301,0.30208185513625974,0.3021128250623464,0.30214383544977097,0.3021744034735534,0.3022046124229607,0.30223446044042257,0.30226383842140114,0.3022927463173213,0.30232118408048236,0.30234915166380594,0.30237664902083805,0.3024036761057505,0.30243023287335946,0.30245633339005273,0.30248194952877405,0.30250709520990093,0.30253177038979107,0.3025559750255973,0.30257970907532705,0.3026029724979027,0.30262576525322893,0.3026480873022519,0.30266993860702374,0.3026913191307654
0.6161616161616162,0.30245054662993487,0.30247712330539733,0.30250319740720766,0.30252876889106917,0.3025538377135564,0.302578403832108,0.3026024672050286,0.30262602779148984,0.3026490855515236,0.302671640446027,0.3026936924367525,0.3027152414873413,0.30273628756042825,0.30275683062013004,0.3027768706316094,0.30279640759436266,0.30281544144180494,0.3028339721416128,0.3028519996622967,0.3028695239731898,0.30288654504443646,0.30290306284699664,0.3029190773526311,0.3029345886294277,0.3029495971789522,0.3029641023523042,0.3029781041243538,0.3029916024707371,0.30300459736783025,0.303017088792747,0.30302907672332946,0.30304065515717016,0.3030517865447051,0.30306241454943306,0.3030725391519242,0.30308216033345636,0.303091278076005,0.30309989236224666,0.3031080031755804,0.30311568167876424,0.303123280045807,0.3031303747713494,0.30313696581319083,0.3031430531575452,0.3031486367915174,0.3031537167031627,0.30315829288154517,0.3031623653168014,0.3031659340001993,0.3031690009872132
0.6262626262626263,0.3031039102880866,0.3031120251791499,0.30311993361667033,0.303127484525743,0.30313449794667047,0.303140973863815,0.3031469122668575,0.3031523131464662,0.3031571764942924,0.303161502302973,0.3031652905661236,0.3031685427399846,0.3031712602545884,0.30317344021803194,0.3031755073135791,0.3031770747411182,0.30317810440585513,0.30317859630764765,0.30317855048159803,0.3031779669113708,0.30317684558350266,0.303175186501598,0.30317298967017337,0.3031702550946511,0.303166982781356,0.30316317273749105,0.30315882497113755,0.30315393952592995,0.30314851640175056,0.3031425555845584,0.30313606600604204,0.3031293714583274,0.3031223832665402,0.3031149791377359,0.3031072011448679,0.30309888678229535,0.3030902609271039,0.30308114827359056,0.3030715358132645,0.30306149461004894,0.30305107739574766,0.3030404114676213,0.30302940005350265,0.3030178525073973,0.30300600488544416,0.30299363257155854,0.30298072439543666,0.30296771218885854,0.30295416845823064,0.3029402368282599
0.6363636363636365,0.3030878683330833,0.3030783098384171,0.3030682164342051,0.3030577346173291,0.3030467681485365,0.3030357229893974,0.30302410710158845,0.30301203109595176,0.30299952757483084,0.3029864528080656,0.3029730595881509,0.3029592927520688,0.3029450239165704,0.30293035269456214,0.3029151104587928,0.30289929724242015,0.30288291307969706,0.30286595800593386,0.3028484699349041,0.30283059267393275,0.30281214480366314,0.30279312636329925,0.3027735373930909,0.3027533779343172,0.3027326480292918,0.30271134772133457,0.30268966833375177,0.3026674275379605,0.3026446166472394,0.30262123570852695,0.3025972847697249,0.30257276387967313,0.3025476730881351,0.3025220124480277,0.30249585889147657,0.30246923895312294,0.3024420497821346,0.3024142914463579,0.30238596368184933,0.30235756376515843,0.3023286642140812,0.30229919670186134,0.3022691606576353,0.3022385553506872,0.30220741634016435,0.30217603383251235,0.3021440890843925,0.3021115756703894,0.3020784936547587,0.3020448431031002
0.6464646464646465,0.30246655672613,0.30243842978158697,0.30240969660078143,0.30238038554235314,0.30235102450443074,0.3023210570349181,0.3022904852753261,0.3022593074364105,0.3022275233765803,0.30219530519723503,0.30216268845472416,0.30212946607956015,0.30209563814578044,0.302061204728613,0.3020261659045763,0.3019905217513772,0.30195427234798655,0.30191741777473036,0.3018799581129952,0.30184189344518164,0.3018032238550783,0.30176402250420087,0.30172428914462923,0.30168395124835756,0.3016430089036275,0.3016014621998242,0.30155931122747504,0.3015165560782368,0.3014731968448724,0.3014292336212483,0.30138466650231566,0.301339495584102,0.30129372096368834,0.3012473427392155,0.3012003610098518,0.3011527758758059,0.3011046205482314,0.30105595576945865,0.301006688797397,0.3009569869823875,0.30090705527672446,0.30085652246073913,0.300805391615234,0.3007536582410838,0.3007013224469779,0.30064838434282026,0.30059484403979253,0.30054103776451446,0.30048671538455873,0.30043179310518964
0.6565656565656566,0.301200974727178,0.30115188899702694,0.30110220094135587,0.30105196240423937,0.3010010874382336,0.3009497994275543,0.30089819515719407,0.30084595256556734,0.3007930723259582,0.30073955106702877,0.30068538891327456,0.3006305859905942,0.3005752101349204,0.3005195614507937,0.30046327218907254,0.300406419758549,0.3003492073460087,0.300293165209655,0.3002377158905951,0.30018162837292917,0.3001259752615303,0.3000698646428286,0.30001322643454054,0.29995670445031775,0.29990000590572563,0.29984290062923613,0.2997852039464405,0.29972732536277935,0.29966951361356753,0.2996110675720306,0.2995519873736887,0.2994922731553056,0.29943220757441535,0.29937231636353245,0.2993118104501653,0.299250775214005,0.29918996151764377,0.2991310977960926,0.29907194871831777,0.2990142541004137,0.2989580974638839,0.2989015537155997,0.29884475797980503,0.29878753546643166,0.29872968624490304,0.2986745690040091,0.2986197169409355,0.29856423826140244,0.29850819074491497,0.2984515532604919
0.6666666666666667,0.29937677687285036,0.2993144271683872,0.2992515171658108,0.2991888561488505,0.2991281446152041,0.2990671912554306,0.29900798889919855,0.29895006398537816,0.2988916637858732,0.29883309028854066,0.2987739507136933,0.29871439362334784,0.2986583046163185,0.2986015486290028,0.2985441267688633,0.29848613414604364,0.2984274773309721,0.29836815270734884,0.29830848559461676,0.2982487639633362,0.29819172749417866,0.29813425565505414,0.29807659829438804,0.2980185151315238,0.2979597661155142,0.2979008445219219,0.2978415640361778,0.2977816186569251,0.29772100853162786,0.2976597338092348,0.2975985558341526,0.2975392954682001,0.2974798788966112,0.29741979907332117,0.29735975979738316,0.2972994065896166,0.297238417871418,0.2971773682569252,0.29711565676712337,0.2970533100674404,0.296991213112237,0.29692922081292183,0.2968689102586586,0.2968096924041892,0.2967540030707364,0.2966976558955219,0.29664065101624604,0.29658571488060814,0.29653031240849126,0.29647425360156276
0.6767676767676768,0.29748507975391425,0.2974232143255662,0.2973613212707533,0.2972991323465948,0.2972362895218127,0.2971733412461659,0.2971096900558525,0.2970454414212176,0.29698142454469,0.2969179729931062,0.29685568270068363,0.296795930632177,0.29673836155096267,0.2966800938309261,0.2966219349289696,0.29656527622754225,0.29650792034730356,0.296449867435024,0.29639112376214183,0.2963322030632648,0.29627504823221107,0.29621719800363766,0.29615865252982654,0.2960994119680018,0.2960394764601788,0.29597884615570047,0.2959198551401856,0.2958634372983696,0.29580700117674796,0.2957499006653299,0.2956921069685413,0.2956336202319503,0.29557503435390053,0.29551593117841657,0.29545613501154844,0.295397946726927,0.29533937717745506,0.29528011593638803,0.2952201673937396,0.29515989736229875,0.2950990857279443,0.2950375834750554,0.2949753906306477,0.2949143094090323,0.294853342401209,0.2947934970718127,0.29473358581829534,0.29467298569624645,0.2946116968580461,0.2945497194570459
0.686868686868687,0.295636839264954,0.2955764828236135,0.29551560875593097,0.2954539993640961,0.2953941299272618,0.2953337411780437,0.29527261848923514,0.29521079410132167,0.29514868064204647,0.295085897045257,0.2950223805240402,0.2949581312180659,0.2948957528857443,0.2948329231147616,0.29477166989013204,0.29470968554118304,0.29464697023110564,0.2945835241249317,0.29451934739023655,0.29445444019566036,0.2943888027112219,0.2943224351093876,0.29425533756450206,0.29418751025279755,0.29411895335239024,0.29405107759403437,0.29398337469340996,0.29391494348550107,0.2938457841494625,0.2937763050521004,0.2937081469583005,0.2936392614344705,0.2935701973338114,0.29350060687178403,0.2934302894149686,0.293359245443497,0.293287474537276,0.2932149768844101,0.29314273935288526,0.293070904959855,0.2929984090401829,0.2929251878728809,0.2928512441908009,0.2927765890385512,0.2927012096004866,0.29262510950431675,0.2925482851747925,0.29247073681216174,0.2923931032432254,0.29231630771510897
0.696969696969697,0.29370673954598314,0.2936357863260255,0.29356467078627824,0.29349294730769493,0.2934204532137219,0.2933471887703085,0.29327315367346585,0.2931983481254987,0.2931243044092353,0.2930501970150359,0.2929753273335105,0.29289968877189443,0.29282329010447916,0.29274613081238865,0.29266820545538164,0.2925895141770011,0.29251005510344585,0.29242982845102294,0.2923506942443348,0.2922711986385851,0.29219096199261685,0.2921100686738116,0.2920289155583531,0.2919485693082471,0.29186751940434874,0.291785748121572,0.29170329232980374,0.29162089606155217,0.29153774526613174,0.291453830196863,0.2913693068567118,0.2912846752159918,0.29119945039969886,0.2911134624545232,0.2910267116162295,0.290939198122677,0.2908509222138074,0.2907643712852299,0.290677261758184,0.29059125258552054,0.2905055388372382,0.29041906446845944,0.2903318297195585,0.29024383483265515,0.29015508005150026,0.29006581215711,0.28997596031527473,0.28988534988980785,0.289793980624494,0.2897018526395271
0.7070707070707072,0.29144234814766223,0.2913552913617431,0.29126815742130385,0.29118027986339423,0.2910915939876635,0.2910021000483769,0.2909117983020033,0.29082140375022514,0.29073225632003996,0.29064271541558595,0.2905546972757125,0.29046613418978307,0.29037676544288715,0.29028659129165657,0.29019561199495736,0.2901038944644584,0.29001174001377694,0.289918781487281,0.2898250192238181,0.28973045309331924,0.28963508332258425,0.28953891018568934,0.28944193395900053,0.28934415492118304,0.2892455734114493,0.2891465257639717,0.28904837846121123,0.2889504614088936,0.28885342631966715,0.288755590090672,0.2886569530269987,0.28855751612123126,0.28845727917487296,0.28835669369769645,0.28825556276654085,0.28815363188950815,0.28805090136200495,0.2879473714818319,0.28784304254900106,0.2877378688177439,0.28763194234678924,0.28752521776462214,0.28741769538220363,0.2873109288821696,0.28720341175416864,0.2870952334517938,0.2869862855727988,0.28687654121496364,0.2867669639316951,0.2866575322632563
0.7171717171717172,0.2888251735610461,0.2887242713398235,0.288622521681661,0.2885199257250288,0.2884165141238313,0.2883129509489929,0.2882085409106768,0.28810328432486954,0.2879971815105947,0.2878902327893049,0.2877824384848975,0.2876737989237206,0.28756431443456365,0.2874539853486522,0.2873438743605974,0.28723350301305506,0.28712238272688495,0.2870104919640839,0.28689775802283335,0.286784834231979,0.2866723743941658,0.28655907291713933,0.28644493014318684,0.2863302878245877,0.2862149809459662,0.28609883413088477,0.28598200261281237,0.2858646900955599,0.28574654087945084,0.28562854292461326,0.28551013813704473,0.28539089571333,0.28527081601467685,0.28514989940483637,0.28502814625013917,0.28490569682932376,0.2847827933336392,0.28465915580276824,0.28453468357340583,0.28440932756412596,0.2842833156639194,0.28415751103919407,0.2840313877666092,0.28390515772428426,0.28377881474485944,0.28365209608056885,0.28352454667264715,0.28339616690782854,0.2832669631499025,0.2831375236998994
0.7272727272727273,0.28580820785244565,0.2856865721108083,0.28556522058797995,0.285442983023664,0.2853198598061679,0.2851958513264805,0.28507095797826165,0.284945180157842,0.2848190125621666,0.2846920919476926,0.2845643041015866,0.2844356337714635,0.2843061248929213,0.28417668979741095,0.2840471064897463,0.28391725188874584,0.283787342481884,0.283657073567509,0.2835259259613262,0.2833939000803971,0.28326100262617926,0.2831278977753049,0.28299429307335444,0.28286036143083304,0.28272586729957805,0.2825904979425562,0.2824549324020884,0.28231858466886584,0.282181596994205,0.28204393518081694,0.28190594806266,0.28176708665765005,0.28162735139988115,0.28148736964631493,0.28134700286042347,0.2812061005844715,0.2810645220528275,0.28092227086818367,0.2807793416177027,0.28063562089537275,0.2804911844908048,0.28034608415308226,0.2802001170236852,0.2800543846727592,0.2799080422056581,0.2797608349094902,0.2796128075871398,0.2794641247449643,0.2793148661133218,0.27916507362410026
0.7373737373737375,0.2823592985077543,0.2822186539119482,0.28207720645050227,0.28193555337044307,0.28179298741423864,0.2816494979113078,0.2815056132054782,0.28136137660496574,0.2812165767305024,0.28107107196590375,0.28092487019081935,0.28077794445363136,0.2806302384318343,0.28048173319826364,0.2803325028869078,0.28018235654737145,0.28003259968448035,0.27988201769224264,0.2797305217690518,0.27957821618446854,0.27942515375836474,0.27927164512628766,0.2791173922892969,0.278962304332368,0.2788064629228264,0.2786497113832903,0.2784920502385023,0.27833348001622404,0.27817403685442654,0.2780138578828557,0.27785277165725686,0.27769121149074627,0.2775290976685105,0.27736669275482084,0.27720344976726086,0.27703938379632054,0.27687451350542247,0.2767087392469064,0.2765420615776534,0.2763744171349327,0.2762065420252544,0.2760377830063069,0.27586812226000956,0.2756975705307634,0.2755261875015713,0.27535400538753296,0.27518126371390583,0.2750076451641027,0.27483313316503155,0.2746583246346773
0.7474747474747475,0.2784988226133732,0.27833590528314966,0.27817206689832985,0.27800744489746587,0.27784186488707396,0.2776758287236274,0.27750921532820993,0.2773422214359471,0.2771743224127763,0.2770055875005353,0.27683596513699005,0.27666538832082277,0.27649385765277823,0.2763215532652943,0.2761487602759144,0.2759750146222806,0.2758003195211908,0.27562468515715466,0.27544823910061256,0.2752710310574551,0.27509308318991077,0.27491419583806587,0.27473455263782043,0.2745547365891825,0.2743739746899784,0.2741922673954662,0.27400961698778603,0.27382602235701337,0.2736414841492929,0.27345600301405826,0.2732696510430084,0.27308242764435386,0.2728942634478544,0.2727051591074825,0.27251511530404804,0.2723241326946031,0.272132212879169,0.2719393561289849,0.2717455636781475,0.2715507623792659,0.2713550980289693,0.27115849898715494,0.2709611030632626,0.2707632543096752,0.27056447301461206,0.2703647599272423,0.27016413111110416,0.2699630118399633,0.26976105167214104,0.26955819881066745
0.7575757575757577,0.27414806009620807,0.2739601912638706,0.2737713262844501,0.27358146585656273,0.2733906111212512,0.27319888660498226,0.27300618961279055,0.27281250016314484,0.27261781897841786,0.272422146782367,0.2722254845300852,0.2720278339217641,0.2718291951428258,0.27162956873343025,0.2714289549561978,0.2712273545502728,0.271024768259708,0.27082176955157866,0.27061784817931245,0.2704129432395437,0.27020706593971544,0.2700005711742449,0.2697932581518995,0.26958502286804653,0.2693758083690676,0.26916561542665796,0.2689544448160608,0.26874229731607047,0.2685291801895979,0.2683150924971077,0.26810003029616447,0.2678842074806739,0.2676675415392491,0.2674499042796986,0.2672312982383612,0.2670117222117081,0.26679117618673365,0.26656983512254995,0.2663483536100243,0.2661262407812194,0.26590323942983707,0.2656794414035131,0.26545757659825164,0.2652369266221636,0.2650168234350597,0.2647967096116509,0.26457654820460386,0.26435725171555247,0.26413797293330876,0.26391907308831297
0.7676767676767677,0.26925896413743977,0.2690425563128582,0.2688251180810889,0.2686066527023332,0.268387167718128,0.268166654892227,0.2679452312580113,0.26772301749980365,0.2674997784141451,0.2672755181711778,0.26705023514486115,0.2668239291428611,0.2665967104675666,0.2663692947321241,0.26614137932846016,0.26591244513751877,0.2656826382061307,0.2654548083528945,0.26522823486003055,0.26500224524593374,0.2647762757894785,0.2645500985007977,0.26432513662836976,0.26409995381892504,0.2638751210035656,0.2636497134749406,0.2634248283172883,0.2632000873008923,0.262975203880639,0.26275114167704994,0.26252716736504966,0.26230224734541263,0.2620764924369734,0.2618501051338792,0.2616227636688234,0.261394432596846,0.26116511278421695,0.26093481850880595,0.2607035405396093,0.26047118871410413,0.2602379389861367,0.26000370503426207,0.2597684877599029,0.2595323758368513,0.25929529252164163,0.2590578400723498,0.2588194710755968,0.2585801239002754,0.2583397994530501,0.2580984986365591
0.7777777777777778,0.2638982086982704,0.26366676331401173,0.26343598558212966,0.2632052539392499,0.2629744269500056,0.26274444840422384,0.2625144969180566,0.2622835636208789,0.26205173785614144,0.2618192657793583,0.2615857503120924,0.2613511922060654,0.26111559274663,0.2608789692849034,0.26064130605807967,0.26040260402304183,0.2601628641406426,0.25992208737570244,0.25968030161838884,0.2594375542812708,0.25919399874297955,0.2589498768084223,0.25870472347834395,0.2584585397744098,0.25821132664984836,0.25796309099140335,0.2577138452000237,0.25746357302877854,0.25721228540511176,0.25695998996795055,0.25670673692385937,0.256452761563016,0.2561978252960102,0.2559418695172959,0.2556848952575831,0.2554269035511638,0.25516789548215657,0.25490794275831385,0.25464699371429456,0.2543849383912249,0.2541219635446609,0.25385797769151397,0.2535936124008562,0.25332832495942736,0.2530624135479502,0.25279563990727205,0.2525278600848223,0.2522590751515319,0.2519892861839259,0.2517184942609292
0.787878787878788,0.2583932997481586,0.2581393308416886,0.25788429256194234,0.2576281833065901,0.25737099364152916,0.2571127450425523,0.25685343026898466,0.2565932250904057,0.25633218802600743,0.2560700775344469,0.2558068940231266,0.25554263860385396,0.25527731241341445,0.25501095225596204,0.2547435788720005,0.25447513815867007,0.25420563129752616,0.25393505937474636,0.25366386370257477,0.253391900903823,0.2531191484206594,0.2528456059631543,0.25257100375345287,0.2522953428547211,0.25201862442862033,0.2517408496411243,0.25146201966253434,0.2511821356674686,0.2509011988348874,0.2506192103481655,0.25033617139480824,0.2500520831666486,0.24976694685989087,0.2494807636750075,0.24919403791851003,0.24890626884697142,0.2486174541848405,0.2483275953607752,0.2480370123906066,0.24774552969015995,0.24745310227714523,0.24715963522165119,0.2468651297613743,0.24656958713762722,0.24627300859519252,0.24597539538216895,0.24567721750764815,0.24538259173785992,0.24509269287132196,0.24480588725797436
0.797979797979798,0.2523904230500674,0.2521069231730211,0.25182231129923993,0.2515365886883525,0.25124975660457016,0.25096181631670755,0.2506727690982422,0.25038261622714186,0.25009135898587587,0.24979899866159272,0.2495055365460348,0.24921144615940993,0.24891630173270207,0.24862005695363376,0.24832271335379463,0.24802461502807382,0.24772564959281573,0.24742558883581534,0.24712443408218077,0.2468221866616267,0.24651884790847656,0.2462144191616561,0.24590899307988068,0.24560288678994469,0.24530293997992625,0.24500666024511086,0.24471212131525566,0.24442045636215304,0.24412842982867144,0.2438386591121504,0.24354893509887354,0.24325878465440365,0.24297143037759872,0.24268372640968616,0.2423951516906,0.24210954552252417,0.24182319981007905,0.24153579092679123,0.2412477667349917,0.24096173900687357,0.24067474930752186,0.24038670220721992,0.24009759894246385,0.2398096176130191,0.239521683417794,0.23923269752990217,0.23894266118276297,0.23865157561283812,0.23836068439060087,0.2380705195294519
0.8080808080808082,0.24588763333432884,0.24557404596854537,0.24526695182390967,0.24496363384032982,0.24466150173130163,0.24436293678260657,0.2440632380000647,0.24376684727882725,0.24346945421970578,0.24317292633660392,0.2428781485362056,0.24258274457762574,0.24228780398778138,0.24199483006627331,0.24170073727170327,0.24140552692796302,0.24111136792453258,0.24081761971466842,0.24052275875184292,0.24022678635853212,0.2399305033403616,0.2396356729490774,0.23933973590723356,0.23904269353803453,0.23874454716950744,0.23844567686250062,0.23814839685814393,0.237850047479629,0.23755060027538,0.23725005719028047,0.2369484195696685,0.23664586320103576,0.23634472823248942,0.23604250286551354,0.23573918844516606,0.23543478632124293,0.23512929784824954,0.23482272438536067,0.2345150672963201,0.23420807847846636,0.23390123637015892,0.23359331550704143,0.23328431726062648,0.23297500901823676,0.2326657900893101,0.23235609243903343,0.23204573493522052,0.2317348342092851,0.23142528188090472,0.23111538354986494
0.8181818181818182,0.23948599442584262,0.23918202449802917,0.23887689365209608,0.23857060331941793,0.2382653862659866,0.23795995995875352,0.23765337932303265,0.23734564627005716,0.23703676239871396,0.23672672879699241,0.23641776027541073,0.2361081881348459,0.23579747109656624,0.23548561060910744,0.23517260812611895,0.2348584651063491,0.23454318301365584,0.2342284151159988,0.23391391290078334,0.23359827676255618,0.2332815081700118,0.23296442571447162,0.2326474124993776,0.23232986958555868,0.23201162887291504,0.2316929260986682,0.23137576136121396,0.23105787701767133,0.23073904318264837,0.23041937969873827,0.2300988820089499,0.22977755894916196,0.22945540241064677,0.22913213673501343,0.22880795882696248,0.22848270828816208,0.22815636819864749,0.2278302931107843,0.2275036175770484,0.22717589629096047,0.2268471777580805,0.22651736377503706,0.2261864567047549,0.22585451418184344,0.2255222703415729,0.2251898609082661,0.2248568013280403,0.22452265823681272,0.22418749598136567,0.2238512520341529
0.8282828282828284,0.23297597206994836,0.2326510887268397,0.23232565392206017,0.2319994831281995,0.23167286856781688,0.23134790066930466,0.231022004053681,0.23069514122784807,0.23036742600624682,0.23003881401787374,0.22970935208839705,0.22937893629606965,0.22904738372356714,0.22871487315591754,0.22838120701856157,0.22804655577675126,0.22771244662301582,0.22737731025257535,0.22704110001434152,0.22670373929604049,0.22636522845714002,0.22602557059832074,0.22568525381424198,0.2253444623473646,0.22500363042587002,0.22466165831922824,0.22431858931051207,0.2239744088544643,0.22362909313758994,0.22328264448958057,0.222946167924708,0.22261938406026482,0.22229775388304507,0.2219788999668958,0.22166615350146635,0.22135573584400325,0.2210490580002804,0.22074315163505887,0.22044023862061568,0.22013722203863018,0.21983760343883674,0.2195373191595631,0.21924270656042366,0.21894710115231564,0.21865484703745142,0.21836282371466997,0.2180746320358402,0.21779005666968998,0.21750899801225598,0.21722745759946682
0.8383838383838385,0.2262156441484937,0.22586714331457003,0.2255183033371686,0.22516927061247194,0.2248194596380937,0.22446846488518402,0.22411633235580175,0.22376300740797728,0.22340849200221236,0.2230581444044759,0.2227212532657601,0.22238990262975278,0.22206315972118618,0.2217412965518648,0.2214217265434053,0.22110775898946566,0.22079350288615607,0.22048333518884378,0.22017244112095402,0.219865591966669,0.21955767228726397,0.2192557382918725,0.2189529149275845,0.2186534093711644,0.21835435156913707,0.2180590382280203,0.21776802254910477,0.21747996046438,0.21719152999924995,0.216902467238278,0.21661258825537022,0.21632178199993957,0.21602980241201397,0.21573665083497562,0.21544232861810886,0.21514704700829723,0.21485111701763515,0.21455402181962668,0.21425577400312712,0.2139562875552249,0.21365582612482703,0.21335480934077244,0.21305263416244458,0.21274930199296993,0.21244481421644612,0.21213926352640566,0.21183277200279726,0.21152662305162706,0.21121976095759765,0.21091175438495835
0.8484848484848485,0.21957709710912243,0.21926745610424914,0.2189573242913968,0.2186504978774223,0.21834434671558234,0.21804181872208095,0.21774432452954895,0.21744916505299972,0.21715375737151277,0.21685751486289928,0.21656050778830815,0.21626242151048491,0.21596310455467704,0.2156625583602665,0.21536078437286155,0.21505821346731602,0.2147547354542061,0.21445004007602442,0.21414413097180596,0.21383700168339614,0.21352906958276252,0.21322024018565466,0.21291019605223327,0.21259893865666513,0.21228646949591323,0.2119730461040472,0.21165917346922603,0.21134531844321747,0.21103030941291467,0.21071410172692318,0.21039724088674727,0.21008300859376616,0.20977429262990355,0.2094699743992141,0.20916871227797995,0.20886649858576023,0.20856312563379675,0.2082585896733764,0.20795289077239554,0.2076459402583064,0.20733790077418102,0.2070286936076957,0.20671833435018994,0.20640681863579546,0.2060941397211029,0.20578031321537782,0.20546533806253886,0.2051492232555605,0.2048319780808293,0.20451373151761576
0.8585858585858587,0.21369802683463535,0.2133824690223629,0.21306563673388346,0.21274753157862514,0.21242815514237012,0.21210763168853464,0.21178609660689696,0.21146505328569032,0.2111429547862721,0.21081959367076986,0.21049522130303644,0.21017195332614125,0.20985458149215974,0.20954157997099498,0.20923308432965193,0.20892386145582664,0.20861343540799315,0.2083017863622918,0.2079889204189901,0.2076748267879518,0.20735950698772765,0.20704296262473254,0.20672520894162472,0.20640624310981948,0.20608605750095688,0.20576466915164504,0.20544207508012258,0.20511828796902987,0.20479331613896834,0.20446733543949147,0.20414031426965162,0.2038120857387511,0.20348265150534828,0.20315201331099275,0.20282017322700896,0.20248713242281025,0.20215339233147445,0.20181869766633898,0.20148280580460387,0.20114564438596694,0.20080822990709968,0.20047024401169444,0.20013165208829453,0.1997918730895727,0.1994509087193721,0.19910876068664896,0.19876543070524466,0.19842092049368976,0.19807523177525188,0.1977283662770425
0.8686868686868687,0.20768027585827475,0.20735750016006005,0.20703344124155354,0.20670811570186665,0.20638151888235257,0.20605364396889092,0.2057245114024855,0.2053941123655102,0.2050624674237128,0.20472958894227133,0.2043957033762882,0.20406065629680792,0.20372434438818843,0.2033867694515996,0.20304793344132843,0.20270783837739392,0.20236662788302673,0.20202466241379147,0.20168155904841245,0.20133720177235193,0.20099177650833377,0.2006462159110768,0.200300029744369,0.1999527971424755,0.1996043213660944,0.1992546042386255,0.1989036475903294,0.19855145325832146,0.19819802308677736,0.1978433589265769,0.19748746263533123,0.1971309270209345,0.19677366750440317,0.19641606101663722,0.19605745051312706,0.1956976187313606,0.19533656737692073,0.19497431036092605,0.1946108496374649,0.1942464730470317,0.19388100019890864,0.19351431660729324,0.19314642419924744,0.19277770366038216,0.19240876567068554,0.1920387809712618,0.191667756438205,0.1912955319655093,0.19092210950365862,0.19054749100798207
0.8787878787878789,0.2014990104716291,0.2011459108870074,0.2007924201324398,0.20043831873321238,0.20008345766292168,0.1997272938412995,0.19936982921717816,0.19901106574666194,0.19865100539313052,0.19828965012728983,0.1979270019272067,0.1975630627778091,0.1971982397588885,0.1968327947206392,0.19646686994672402,0.19610003369334494,0.19573191814556745,0.1953625250411385,0.1949918672333283,0.19461994975274344,0.19424713868550247,0.19387310423422854,0.19349780162390173,0.19312123291103944,0.1927439038603811,0.1923662073706922,0.1919874514751454,0.1916075620764599,0.19122641608132884,0.1908440155797,0.1904603626688075,0.1900754594531464,0.1896893080444748,0.18930191056175272,0.1889175366394179,0.1885473657183444,0.18818363878880295,0.18782499442568934,0.187469218944308,0.18711719767354873,0.18676618672154244,0.18642146735110954,0.18610313955563118,0.18579446425184365,0.18548978243209602,0.18519008419751148,0.18489433217472273,0.1845995701184816,0.18430679778060421,0.18401889803769722
0.888888888888889,0.1949569273111713,0.19457627652110954,0.19419472632245294,0.19381184678544394,0.19342764010385838,0.19304210847924308,0.1926560833890274,0.1922693391271042,0.19188156779870735,0.19149252116432924,0.19110215978044065,0.19071048588402828,0.19031750171981532,0.18992320954023278,0.18952761160544562,0.18913071018333105,0.18874470276159916,0.1883689642117814,0.18799953034603667,0.18763465047197148,0.18727351534617132,0.18691301164084484,0.1865554852690129,0.18621994408111586,0.18590268343609395,0.1855898869372119,0.1852811766770106,0.1849773277509037,0.18467557620040653,0.18437548126171266,0.18407984905565766,0.18378777734707463,0.18349499256503987,0.1832009943003674,0.18290691177365437,0.18261319017216993,0.1823184522437482,0.1820240513714113,0.1817287436817726,0.18143222906699918,0.18113536859260315,0.1808394235266495,0.1805436606073827,0.18024774962150902,0.17995107930086052,0.1796534424983851,0.17935510058330217,0.17905633374519692,0.17875817819371187,0.17846104677303276
0.8989898989898991,0.1881204537830572,0.18774591285730902,0.1873749408284373,0.18700625337118826,0.18663999294024491,0.18628974427711098,0.18596266050246268,0.18564211501432304,0.18532533291451525,0.18501398436011884,0.1847054834699824,0.1843983284373637,0.18409545730472265,0.18379664463283274,0.18349719131101372,0.18319646779379983,0.18289571055641818,0.18259520912309002,0.1822937927365138,0.18199253604429289,0.18169037999971493,0.18138694447449777,0.18108349952947633,0.18078075453836306,0.1804783130456744,0.1801755092198456,0.17987181130427798,0.17956709595342413,0.17926185160541785,0.1789565003293614,0.17865190854337043,0.17834753481083188,0.17804184953435587,0.1777349553591666,0.17742686489658555,0.1771174554857522,0.176808632474724,0.17649911452283817,0.17618839390419871,0.17587632189061309,0.17556472734887996,0.17525302703412515,0.17494178531366933,0.17463263921010208,0.17432354135571004,0.1740168542189151,0.17371430132971732,0.17342108427737712,0.1731704262235947,0.17295952632533895
0.9090909090909092,0.18251527229217357,0.18220721535516227,0.1818988269940861,0.1815894728957148,0.18127870421245662,0.1809689468024689,0.18065951150162685,0.18035019179244705,0.18004015188644362,0.17972911688078708,0.17941717909530897,0.17910471995340183,0.17879278959115452,0.17848192012899522,0.1781699040019742,0.17785652896435633,0.1775419945981107,0.17722608043902754,0.17690989594006656,0.1765937435781989,0.17627639568282494,0.1759576747678988,0.17563863036164595,0.17532018830346985,0.17500178846901537,0.17468510639730794,0.17436877469952283,0.17405517213376165,0.17374473160393888,0.1734438273158675,0.17318239233194443,0.17296678686170686,0.1727497949373037,0.17253141734841904,0.17231178156948967,0.17209080388053666,0.17186844364681353,0.17164477922883103,0.17142108915395882,0.171196002391941,0.17097065988472737,0.17074446493072948,0.17051746915269006,0.17028909900469646,0.17005935535301853,0.1698282390723438,0.16959575105977587,0.16936199662274742,0.16912690300993094,0.16889044061397684
0.9191919191919192,0.17726671563270557,0.1769433430828229,0.17662024127700848,0.1762959039445121,0.17597013145126406,0.17564392343583557,0.17531837325706012,0.17499285693507272,0.17466920347600867,0.17434586309116606,0.1740253042380604,0.17370894971161088,0.1734032036229891,0.17314754605489502,0.1729268770094411,0.17270475895781323,0.172481196991349,0.172256348192263,0.1720300611861112,0.1718023290298175,0.17157368714453436,0.1713445328577241,0.17111403572807238,0.1708836163291605,0.17065206217654771,0.17041940453979798,0.17018531070056342,0.16994978158470664,0.16971281812833727,0.16947446098846808,0.16923476982013885,0.16899364745626677,0.16875125100326338,0.16850795010109,0.1682636513378224,0.16801826589201097,0.16777145684946326,0.16752322409792153,0.1672735686659066,0.16702247379270585,0.1667703023553464,0.16651808774314314,0.1662654133246353,0.16601133598470708,0.16575724213595833,0.1655021820029292,0.16524747872459833,0.16499428166827346,0.16475257892571826,0.16451304611129314
0.9292929292929294,0.17237097546110203,0.17214042166073396,0.17190835986891218,0.17167478876735864,0.17144109317298084,0.17120600463503677,0.17097051852486866,0.17073415202915343,0.17049685713250884,0.17025806151214073,0.17001776615028008,0.16977597204006023,0.16953268632202412,0.16928803884534493,0.16904189595313757,0.16879429416582825,0.16854585952004575,0.1682962621835351,0.1680456301376153,0.1677935123724965,0.1675399071155279,0.16728481545957608,0.16702823850745507,0.16677050379314806,0.16651271945483592,0.16625441375405037,0.16599469487804464,0.16573495137014194,0.16547425766216772,0.16521389699481026,0.16495638531781665,0.16471051516811985,0.16446544546722008,0.1642189531981293,0.1639710239223514,0.16372197480162942,0.16347216155011868,0.16322260076843875,0.1629716121207273,0.16271917489201826,0.16246534239897947,0.16221009817066334,0.16195343053098732,0.16169754101775746,0.16144077526745737,0.1611826167674022,0.16092952710431963,0.16069920533401483,0.16047733191594693,0.1602621587902301
0.9393939393939394,0.16851522649848982,0.16826007504407536,0.1680037301394275,0.16774583198005477,0.16748638079390044,0.16722537774746993,0.16696282401836082,0.16669929735745703,0.1664359657098916,0.1661715476243799,0.16590593977494772,0.16564034581468534,0.16537391664818657,0.165107744144542,0.1648498980331714,0.16460022836971522,0.1643491392427876,0.1640965489626256,0.16384255641743484,0.16358743767138728,0.16333258240976178,0.16307673324223593,0.16281939370724563,0.16256056577288236,0.16230027117849422,0.16203848977525315,0.1617765743101609,0.16151462821707985,0.161251218660731,0.16098873523136625,0.1607489952422434,0.16052041332030687,0.16029921235670375,0.16008621873154005,0.15988091683557704,0.15968412515986707,0.15949766450842884,0.1593296868783448,0.15918203298076583,0.15903286093583546,0.15888293434018153,0.15873177024028795,0.1585790252492717,0.1584246990002134,0.158268791626048,0.15811171548514824,0.15795486740327802,0.1577967933961546,0.15763746316389304,0.1574767090923722
0.9494949494949496,0.16440785458364804,0.16415014436237707,0.1638908788658049,0.16363051449919874,0.16337002261250844,0.1631088490634165,0.16284611983209218,0.16258183612659438,0.16231602094500963,0.16204865484043673,0.1617810416693677,0.1615134415893983,0.16124431395012828,0.16097639316508672,0.1607328172980288,0.16050034461458096,0.16027516441756984,0.1600575287744842,0.1598490294327537,0.15964956018862753,0.15946257087840043,0.15929722702880378,0.15914600570102166,0.1589932711304296,0.15883990388000724,0.15868499245878953,0.15852843080828327,0.15837021877557755,0.1582103843688233,0.158050015913632,0.15788931700489606,0.157727260208407,0.15756391772582823,0.1573989329342922,0.1572323016175181,0.15706402357608995,0.15689409904569407,0.1567225282768394,0.15654931153436102,0.1563744669602749,0.15619795900759414,0.1560224895556095,0.1558646608927664,0.1557148420514678,0.15556938107045737,0.1554272782912518,0.15528608075547135,0.15514653835069525,0.15500843092458805,0.15487093294818366
0.9595959595959597,0.16040511274276337,0.16017886870994613,0.15996072903038017,0.1597516475412517,0.1595535718991853,0.15937061819803844,0.15921420839946732,0.15905880540962625,0.1589024626830684,0.15874490555164966,0.15858562705321677,0.15842462674288404,0.15826190476894553,0.1580979812016321,0.15793424537690104,0.1577690911319034,0.15760257753053963,0.15743444113492755,0.15726458814719813,0.15709301715137292,0.15691972839350177,0.15674472213573454,0.1565679986559978,0.15638955824797407,0.15620940122110127,0.15602963678007198,0.1558680259330777,0.1557148983014589,0.15556630871596577,0.15542122824250582,0.15527717867153978,0.15513464863009296,0.15499384405514194,0.15485326403416988,0.15471140077135015,0.15457171527135416,0.1544303582187454,0.15428843132848857,0.1541469314889271,0.15400530139202595,0.15386338138713385,0.15372075845857047,0.15357694123074328,0.15343415836391883,0.1532907310771765,0.1531476016845279,0.15300331750980978,0.15286294156022207,0.15277913819015243,0.15274792963104922
0.9696969696969697,0.15775444744615663,0.15758427057201074,0.15741236618401666,0.1572386711451499,0.15706318464031133,0.15688590693319315,0.15670683830497945,0.15652597905390453,0.15634332949526786,0.15615888996144411,0.15597978392691847,0.15581837024542988,0.15566424965664516,0.15551372282925036,0.1553650445888044,0.15521919206281454,0.15507376088609304,0.15493100769922508,0.1547868655679997,0.1546431259118739,0.1544996291744628,0.15435493165388336,0.1542096031985254,0.154065696893132,0.15392061490539544,0.15377534450524277,0.1536291146280726,0.1534827983055741,0.1533362553851052,0.15319041976771774,0.15304305594042,0.152896960097463,0.15279466602594993,0.15275282782270316,0.15272853662487007,0.15270251546310476,0.15267527740280817,0.1526723807010415,0.1526867105614531,0.1527174942864833,0.1527602747430531,0.15281941980759828,0.15289534773056546,0.15300583277048574,0.15312480050513266,0.15324533310863164,0.15337873526834556,0.15352245337996495,0.15367361752255726,0.15382572885651813
0.9797979797979799,0.15525354862715968,0.155104930047411,0.15495872991691673,0.1548118126775031,0.1546646941268004,0.15451844325426678,0.15437078395881987,0.15422226129203187,0.15407548017545147,0.1539273513165168,0.15377909835409653,0.15362981814248244,0.15348044447733722,0.15333078578716686,0.153181914241165,0.15303134263977347,0.15288267907540343,0.15278583669407975,0.15274948745622963,0.1527244187939122,0.15269754670671665,0.15267278673929563,0.15267384476681833,0.15269292656321365,0.15272720283521046,0.15277583788806304,0.1528401297434513,0.1529269263452836,0.15304764790095315,0.1531686622581856,0.15329584311010747,0.1534370929851021,0.15358829492650883,0.15374285879350458,0.15390318419952098,0.15407192951362902,0.15424184237554361,0.1544216767770461,0.15460019316208284,0.15478469362470282,0.15497480646557182,0.15516520065159545,0.15536586636937622,0.15556666035671118,0.1557793339394462,0.15600148184425833,0.15623578678706074,0.1564918634357353,0.1567488311922549,0.1570037432055168
0.98989898989899,0.15311413851446287,0.15296103642338477,0.15282750267128176,0.15276139652730425,0.15273630862124432,0.15270971790399068,0.1526812474695456,0.15267108915703176,0.15268304930226018,0.15271364673640409,0.15275691416067794,0.1528181191994118,0.15289727244188955,0.15301363600479467,0.15313750569686457,0.1532639079936282,0.15340572711902767,0.153557957273583,0.1537154781035286,0.15387722014137806,0.15404899698824015,0.15422268066157618,0.15440505458818732,0.15458741764963735,0.15477479156691587,0.15496892792112615,0.155163117571402,0.15536794070985893,0.15557329022337207,0.15579047401103818,0.15601808201742795,0.15625850738657732,0.15652127705591568,0.15678332302132325,0.1570432028531168,0.1573008654267628,0.15755630631939488,0.15780952133412995,0.1580606254563801,0.15830971111527592,0.158556417421707,0.15880184185907986,0.1590459430124166,0.1592877952939844,0.15952739446903008,0.15976667939144562,0.16001498290358418,0.16026723192818504,0.16052686358803758,0.16078523272687273
1.0,0.15315569811191154,0.1532869447000238,0.15343359608782747,0.1535909882582307,0.15375206566339117,0.15392006103715894,0.1540962527054912,0.15427468208302608,0.15446211785769526,0.1546476162029119,0.15484355351769707,0.15504089559721135,0.1552440206180763,0.15545225901130078,0.15566763018551022,0.15589071825759826,0.15612888428214977,0.15638856945677782,0.1566570102043019,0.15692328874025052,0.1571872602787382,0.15744892010825695,0.15770826354631873,0.15796533236656407,0.1582202270304136,0.1584727925314845,0.15872339956394532,0.1589732003580494,0.1592206752342904,0.15946580500381002,0.15970909268944955,0.1599601035146334,0.16021740028473053,0.1604812561999639,0.16074507891166556,0.1610165495168816,0.16128912756253921,0.16156368072987803,0.16184119855988133,0.16211973502330657,0.16240381717319652,0.16268991246194997,0.16298021075847446,0.1632814496170758,0.16359395158199286,0.1639163917441986,0.16423650747959484,0.1645541168381658,0.16487538416526326,0.1652021131216369
1.0,0.15315569811191154,0.1532869447000238,0.15343359608782747,0.1535909882582307,0.15375206566339117,0.15392006103715894,0.1540962527054912,0.15427468208302608,0.15446211785769526,0.1546476162029119,0.15484355351769707,0.15504089559721135,0.1552440206180763,0.15545225901130078,0.15566763018551022,0.15589071825759826,0.15612888428214977,0.15638856945677782,0.1566570102043019,0.15692328874025052,0.1571872602787382,0.15744892010825695,0.15770826354631873,0.15796533236656407,0.1582202270304136,0.1584727925314845,0.15872339956394532,0.1589732003580494,0.1592206752342904,0.15946580500381002,0.15970909268944955,0.1599601035146334,0.16021740028473053,0.1604812561999639,0.16074507891166556,0.1610165495168816,0.16128912756253921,0.16156368072987803,0.16184119855988133,0.16211973502330657,0.16240381717319652,0.16268991246194997,0.16298021075847446,0.1632814496170758,0.16359395158199286,0.1639163917441986,0.16423650747959484,0.1645541168381658,0.16487538416526326,0.1652021131216369
1.07035175879397,0.18494162877941267,0.18554449518476956,0.18614527232599754,0.18674630094905864,0.18734569258596667,0.18794311957385523,0.188544853852334,0.18914622370861156,0.1897458089197952,0.19034497363091285,0.19094053534619027,0.19153666547479564,0.19213269209862482,0.19272910662780307,0.19332241624981406,0.1939120431597534,0.19449807723862478,0.19508225986421723,0.1956633541150078,0.19624352160834335,0.1968202560581076,0.19739330312009562,0.19796266581648503,0.19852860950070816,0.19909212960649347,0.1996525726981223,0.20020969186260662,0.20076508784850655,0.20131759484463263,0.201867996797793,0.20241595300877457,0.2029601783411883,0.2035007764517407,0.20403779841784886,0.20457104426820294,0.20510195338481596,0.20562925200277393,0.206152731207778,0.20667242917943618,0.20718843906455087,0.207701380378436,0.20821081079818027,0.20871701092806239,0.2092208567465934,0.20972199637910882,0.2102199309935172,0.21071416073598193,0.2112058007231561,0.21169492356565578,0.2121809227272281
1.1407035175879396,0.22918081012009772,0.22973647123269825,0.23031173803314586,0.23088462121604036,0.2314582354662622,0.2320302209756291,0.2326000439673761,0.23316721001797613,0.2337290547013401,0.2342855692099537,0.23483674166350554,0.23538511333265966,0.23592908225859222,0.23646767495317944,0.23700353025921572,0.23754468539976847,0.23809353647907627,0.23864598273360071,0.23922374721885742,0.23981877093971637,0.24042180806590707,0.2410353634597342,0.24164733694617757,0.24226737675442755,0.24288386597282963,0.24350409137589069,0.2441244676094274,0.24474845480763974,0.2453745717231013,0.24599608213912538,0.24661731365557338,0.24724166950843618,0.2478609353265845,0.24847515796140018,0.2490882165347792,0.24970639319025056,0.25031941264375956,0.25092790889353656,0.251531101884505,0.25213116136218927,0.2527334527473082,0.2533326192464408,0.25392710330331814,0.25451972639136744,0.2551081189566614,0.2556953116470131,0.25627941440452007,0.25685907211225456,0.2574373861782673,0.25801075424456943
1.2110552763819096,0.2706995091778551,0.2712300711946485,0.2717534902843992,0.272269746097047,0.2727790280898206,0.27328165366938917,0.2737772273080479,0.2742655917176142,0.27474673775641023,0.27522066416053126,0.27568760275930604,0.27615323590735463,0.2766138902966704,0.27706786263902017,0.27751506939083814,0.27795765502935377,0.27839926205380916,0.27883711265739897,0.2792703981419582,0.2796986021708885,0.28012220463490733,0.2805409731296049,0.28095542375222027,0.28136818777944794,0.2817759079848462,0.28217636612836494,0.28256955626669955,0.28295578071681105,0.28333600995794095,0.28370893839959954,0.2840746161592742,0.2844352028693695,0.2847884816010562,0.2851345531084768,0.2854732851814805,0.285806689345379,0.2861330335758926,0.2864688427294294,0.2868104700247589,0.2871574920391863,0.2874989734657404,0.2878434531708468,0.2881846944597395,0.28852011248480514,0.2888611365801961,0.2892118674577572,0.28956356269128325,0.2899128871035811,0.29026573386994925,0.2906210335284898
1.2814070351758793,0.2964760412832532,0.29690541181605623,0.2973295734441346,0.29774542279037586,0.2981656625788801,0.29859054134366225,0.29900875211749756,0.2994184337469017,0.29981926425777883,0.300212876125022,0.3006093894490929,0.30099998852276877,0.3013817732079438,0.301757006397781,0.3021303406016589,0.30250327896002727,0.30287132555768226,0.3032304517783576,0.30358501684661987,0.30393347405989235,0.3042730110439844,0.3046078992961513,0.30493969795214526,0.3052625631578876,0.30557670041725227,0.305885860684445,0.30619017225203493,0.3064868093353824,0.3067833544152687,0.3070742096766155,0.3073561071617402,0.3076291237118298,0.3078935328130432,0.3081502798615896,0.3084026814667591,0.30864760156570714,0.30889032739833855,0.309124072051596,0.3093488243057051,0.3095677354837627,0.3097855368294692,0.3100006410073095,0.3102127610076386,0.3104223855842906,0.3106290980328975,0.3108293778469111,0.3110221716215089,0.3112087388982906,0.31138805081992227,0.31156155762772975
1.3517587939698492,0.31278425836623325,0.3129100968203532,0.3130262915270632,0.3131341651428632,0.3132335297940384,0.3133220844638124,0.31339963557252704,0.3134661467639619,0.3135216097044109,0.3135660223269612,0.3136001324239879,0.3136251578619701,0.31363961578162547,0.31365847022027626,0.31367657557873674,0.313689340491473,0.3137021645748488,0.31370804605651625,0.3137140206541894,0.31370910829421383,0.3136989333616669,0.31368248088962325,0.31365555091795905,0.31362185382839924,0.31358326739019105,0.31353431603830817,0.3134986623142426,0.31347036900103675,0.31345381621787927,0.3134270147324262,0.3134117917640241,0.3134087101820995,0.3134227945000754,0.31344599232670345,0.3134719667015857,0.31349081779965493,0.3135238702103932,0.3135598351944404,0.31359127149232635,0.3136154076081017,0.3136541017469804,0.31369498916069927,0.3137255188064294,0.31374569165994637,0.3137609931101417,0.31378608592772417,0.3138127355801581,0.31382908860140946,0.31383834893687235,0.3138378296042894
1.4221105527638191,0.3138264843859333,0.3138281229643557,0.3138198330065127,0.3138011587925613,0.3137707726389689,0.31374037536995303,0.3136987495958472,0.31364743558720454,0.31359719418667864,0.31353656168854194,0.3134733457381187,0.31342403366803673,0.31338214076105286,0.3133364959026227,0.31328834265382177,0.31323696753044206,0.31318571190890343,0.31313638036746594,0.31309462818362366,0.31304187521918747,0.3129795646738639,0.3129103782724423,0.31283919890999234,0.3127559328778934,0.31266135598629297,0.31256211457425187,0.3124592683382903,0.3123567541011043,0.3122468543001353,0.31212566440116984,0.3119927278282846,0.31185409082362403,0.3117102214258557,0.3115542084553218,0.311394941026611,0.3112282781287664,0.31104946282220136,0.3108584978034201,0.3106709975329309,0.31047766127107157,0.31028995769822687,0.3101014765823693,0.30990909139751954,0.30972484824378244,0.3095360514836316,0.309349211925687,0.3091513046427107,0.3089466449809294,0.3087381159509326,0.30851804397728166
1.492462311557789,0.3091170314872488,0.3088917199048955,0.3086579899165087,0.3084101959495127,0.30815541794309387,0.307902695482718,0.30763693449185703,0.3073593515548898,0.3070813881119365,0.3068063697695703,0.3065526560142606,0.30630176912234197,0.30605139510432045,0.3058036998683926,0.3055514142854723,0.30528863755313806,0.3050307946198295,0.30478548977910314,0.3045547467963392,0.30434355833632476,0.30414210035327294,0.30393573328326995,0.30372887961428985,0.3035512364442122,0.3033690415617025,0.3031731378612156,0.30296416019551353,0.302768043997953,0.30257691377311047,0.30237749762964317,0.3021697364576137,0.30195773164302264,0.30175479621546164,0.3015642936596461,0.30136327073003066,0.30115509841112476,0.3009415126768853,0.30072164957645486,0.3005062336583134,0.3002986247699876,0.30007842845510735,0.2998503650439458,0.29960887715029627,0.2993669120042678,0.29913883706461464,0.2989187770124735,0.29869454565189746,0.29847721962641616,0.29826256591433575,0.29803467308436393
1.5628140703517588,0.2996828075975504,0.29941265874183465,0.29916292329869143,0.2989212245939671,0.29867557190434524,0.2984390389679359,0.29820036055506016,0.2979507436471478,0.29769653811141894,0.2974478773522371,0.29718421131490924,0.29690819368857335,0.2966338856771409,0.2963706686713179,0.29611002111587326,0.2958350174332758,0.2955440137263231,0.2952389534246753,0.29492577315948487,0.29462071142540047,0.29434072019564805,0.2940628615887393,0.29379176289563713,0.2935161795330875,0.2932371184869833,0.29295826793073254,0.292673700395253,0.2923886735050385,0.2920973568626277,0.29179328077651,0.29147331034204926,0.29114220098502286,0.2908195504296289,0.29048581372997706,0.2901381462621605,0.2897828050304013,0.2894283418933047,0.2890738024510664,0.28873848475498975,0.2884087299155793,0.2880777915990673,0.28775171882116646,0.287414283711493,0.28707449009374697,0.2867413165323741,0.28639947470684957,0.2860698625014235,0.2857862354117353,0.28551236924145806,0.2852441797651265
1.6331658291457285,0.2887955781699212,0.2884334213892543,0.2880725307256493,0.2877161566903226,0.2873450334605532,0.28697881009623727,0.28661193300578813,0.286232001582035,0.2859031047960958,0.28560649332021293,0.2853061710837892,0.28504315022125204,0.28478097947468184,0.2845116569879451,0.28426834510236754,0.28404817592812537,0.2838313158595541,0.28361844357185384,0.28343050661319924,0.2832645402176166,0.2830925965570359,0.282908039815744,0.28275137441013287,0.28260493791774177,0.282450021874984,0.2822768980156638,0.282085392436801,0.281901620310098,0.2817439842942606,0.2815679321132838,0.28137909280510476,0.28117952191098794,0.28097748583707693,0.28076697750546575,0.28056710297760834,0.28036506359088476,0.28015507216765,0.27993509695775987,0.2796983746841033,0.2794653889702319,0.27924318931321923,0.2790350717246799,0.2788679383342202,0.2786980888267949,0.2785154544456102,0.2783354697990241,0.27817198151960554,0.2780136032814797,0.2778578183695425,0.2776902657667344
1.7035175879396984,0.28047640494881776,0.2802508847422074,0.2800171910934911,0.2797647811438102,0.27950628360898144,0.2792655559944668,0.2790370368298002,0.2788553363224542,0.27866834955052866,0.27846946162353814,0.2782811908814986,0.27810150243974574,0.2779328046725533,0.2777575659792809,0.2775910502847053,0.2774445008499712,0.2772953271524339,0.2771400824178525,0.27697263256575844,0.27678320450813054,0.2765919755304702,0.2764063592287487,0.2762164686154247,0.2760344334914989,0.2758754245053332,0.27575637989708546,0.27567027476898065,0.27558649919644296,0.2755071355908013,0.27542429412240643,0.2753398011414613,0.2752516197478795,0.2751738599034095,0.27510677248881765,0.2750459868905063,0.2749962570168767,0.2749654326599634,0.27496604983783546,0.27500794799430994,0.27505672004351256,0.2751680913286926,0.27527362948496226,0.27536881606457686,0.2754814901757313,0.2756123642280226,0.27573468509340815,0.2759020080044192,0.2760907010331055,0.27629712539838747,0.27651084844339413
1.7738693467336684,0.2752147409533434,0.27513626437324845,0.27506232821472865,0.27500736350243515,0.27497171955466804,0.2749645925476092,0.27500856870999235,0.2750627881316212,0.2751872619266301,0.2752981919297486,0.2754043753569091,0.2755359643230859,0.2756780250344798,0.27582575635480255,0.27603092728803513,0.2762476744944844,0.2764799501790447,0.2767369498227661,0.27701329745028946,0.2772894274243727,0.27755450620149436,0.27784244590687734,0.27818340850485623,0.2785199846104438,0.27883906869250197,0.27913971525586667,0.2794395457671397,0.2797244637296058,0.28002786366012344,0.2803353996741005,0.28064060852200723,0.28092356415777275,0.28121250879508053,0.28147786322455826,0.2817456716214377,0.2820346926348771,0.2823144307032073,0.28257763610304676,0.282828527172041,0.28305358043043305,0.2832603521127728,0.2834714839406358,0.2836571985778793,0.28382806531115445,0.2840027474608957,0.2842308827419524,0.28447533330066155,0.28473441818347645,0.2849842545556236,0.2852289023753939
1.8442211055276383,0.28030418644455546,0.28063572487109245,0.2809424710895807,0.28125235713483454,0.2815371860837703,0.28182945050130503,0.28214699773083585,0.2824364482875714,0.2827192650150546,0.28297418151040454,0.2831987000982962,0.2834294485736156,0.28363507209212935,0.283819723653002,0.2840098117431388,0.28426038964733347,0.28452764604545644,0.2848012384443388,0.2850716766489869,0.28535044548769406,0.28562602099446144,0.28590724996245553,0.2861716865144497,0.28643154256789116,0.2866718489389093,0.28690205654677126,0.2871115130829843,0.2873101021691654,0.287497527613811,0.2876620011648917,0.2878271629005005,0.2879958531337494,0.28820371328284333,0.28843888997628975,0.2886832413737863,0.2889443760392223,0.2892141116429804,0.2894705427347217,0.28976294290994375,0.29007262459341165,0.29040834318982023,0.2907343229894054,0.29105732543187557,0.2913961620860206,0.29173640628751296,0.2920525711265647,0.2923368390704857,0.29262017693225006,0.2928820235642513,0.2931136230303675
1.914572864321608,0.28723498338732534,0.2874372848562924,0.2876209509122748,0.28779867775705037,0.28797943804425563,0.2882000015222692,0.28845362005908115,0.28871862549942007,0.2890048595767525,0.289288694232962,0.2895782687354638,0.2899031725343113,0.29024745969873433,0.29060441978379004,0.29095642162737967,0.29131212495684744,0.2916820834739873,0.2920282435591255,0.2923356430376529,0.29263942961363765,0.29291843372540494,0.2931691031722956,0.2934591563587121,0.29373554574394034,0.29399708179157147,0.2942364555750647,0.29445491013430725,0.29464442846155947,0.2948167307710554,0.29497198297225036,0.2950954128856276,0.2952588609434984,0.2954465779072085,0.295657620941292,0.29587038634920004,0.29607027235446326,0.29627479243451293,0.29647933964342954,0.2966703993843447,0.29687580401942926,0.29711068804231144,0.29736357874015584,0.2975819789211298,0.29776297543592767,0.29791068507673457,0.2980401691749276,0.29816771923183305,0.29827207884697593,0.2983528673827889,0.2984077824800033
1.984924623115578,0.2941257994691737,0.2943761009192556,0.29459059727829084,0.29477922158359915,0.294949546304654,0.2950839981817378,0.2952579652926346,0.2954621722376515,0.2956898023317982,0.2959171608772002,0.296129157327623,0.2963508664250334,0.296563726389803,0.29677526312574853,0.29701000180104686,0.2972836224836739,0.29752964102130974,0.2977324430636765,0.29789667246970486,0.2980356938103996,0.29817246931677477,0.298281542803182,0.2983636079100329,0.2984202911466812,0.29844615351500114,0.298449614603677,0.2984900663254646,0.2985397180186049,0.2985946830662881,0.29865752703324455,0.29869681788391644,0.29872190097431717,0.29875485374294075,0.29878658007057857,0.29885369603423617,0.2988927031657235,0.2989115043241821,0.2988912394189628,0.29883618163580816,0.29875196475205734,0.2986355306394186,0.2984971033254866,0.298343601074597,0.29831033975817467,0.2983538478746337,0.29846243848060394,0.298606748351276,0.2988121494473228,0.2990521744371232,0.2992998322165976
2.0552763819095476,0.29840558507188786,0.2984422683089365,0.29844882749069435,0.2984851773100803,0.298539850916126,0.2985984291118635,0.29866350154297927,0.2987030452430105,0.2987315600140201,0.29875653181497763,0.29881674326344654,0.2988774665630851,0.2989073782178602,0.29890097519694336,0.29885658068818044,0.2987714394805119,0.2986529239570359,0.29850656517240015,0.2983422388548027,0.29831039374488166,0.29836722060112975,0.29848926752086813,0.2986580298004604,0.29890042846692155,0.2991637542514807,0.2994102751139929,0.2995906322000196,0.29972195732203755,0.2998660036705697,0.3000566281026281,0.3002400826856111,0.3004048829874615,0.300526766653302,0.30059650659202,0.3006196493530999,0.30062135711110494,0.30056697284932554,0.3004713520164687,0.300333688738853,0.3001523755314557,0.29999831296902424,0.29991393772333663,0.2998381376728536,0.29975533932878995,0.29966540772996453,0.29956515420259566,0.2994284937604963,0.2992895502961114,0.299193378274734,0.2990899122284463
2.1256281407035176,0.2984994893966919,0.29868629559447113,0.2989515273851513,0.2992392342628114,0.29948039422165385,0.29965130336646273,0.2997729864422858,0.29997688300457004,0.3001719324524409,0.30036061481074583,0.30050370690462924,0.30058832543992486,0.30061904522104954,0.3006219022213754,0.3005633136391541,0.300458756915879,0.30030368726482237,0.3000985580961426,0.2999664953590133,0.29988469666345396,0.2997978251003104,0.29970273060811836,0.29960540532241886,0.29947329330884587,0.29932720072312036,0.2992083532211032,0.29910446397802515,0.29899014539643365,0.298831303753321,0.29876571352699033,0.29879234590247017,0.2988936987200972,0.2990090105701734,0.2991129175199312,0.2991750868790104,0.2992170193910555,0.29931395364817537,0.29950633739935895,0.299669791343538,0.29980477128655747,0.2998897639954784,0.2999271933332861,0.2999314677679734,0.29989174468066326,0.2998318262426195,0.29978371385368274,0.2997112810389392,0.2995777238765247,0.29938362987576717,0.2991418364822215
2.1959798994974875,0.2998360899391268,0.29973865761805596,0.2996368427338867,0.29950677783233703,0.2993471537434882,0.2992138592575352,0.2991050561172969,0.29898240320816805,0.2988088356144425,0.2987660476038039,0.29880800893265136,0.29893124959575135,0.29905334494599956,0.29914528142474284,0.2991942957962247,0.29926616254571503,0.2994435876996977,0.2996279718854442,0.29978318874920573,0.2998807797295733,0.29992475967403065,0.29993127005376696,0.2998875008210493,0.29982402080776904,0.29977282453422727,0.2996799180865164,0.2995190502642233,0.2992899914176719,0.2990213027774766,0.29890082409575336,0.2988550960266232,0.2988199391302502,0.2987724434334873,0.29872476993258923,0.2986654054860287,0.2986018204612413,0.2985029424323764,0.29849123114464093,0.298696556551612,0.29902483256085177,0.2993225550600377,0.2996082992000919,0.2999166888672755,0.3002778866618345,0.3006572360364106,0.30106462860063443,0.3014929964316083,0.30189126672210875,0.3022494189811398,0.3025300704917424
2.266331658291457,0.29981230823000093,0.2999014198182681,0.29993635766318416,0.2999170314330639,0.2998553469559242,0.29979401160261143,0.29972164306680815,0.2995723859512671,0.2993453525245984,0.2990628431183018,0.29890990399151873,0.29885657280051725,0.29881917154561344,0.29876343275264783,0.29871259437360775,0.2986581229711176,0.2985714261124619,0.2984622231161369,0.2985629002066005,0.298864502156025,0.2991981087183826,0.29949850611090567,0.2998108908672583,0.30019069590157155,0.3005851311682861,0.3010170944158287,0.3014714686286951,0.3018964008734628,0.3022740011755767,0.30256514929653777,0.3027895479589805,0.3029628330658485,0.3030724945430472,0.3031654095883929,0.3031802836187719,0.3031392862325831,0.3030439949127177,0.3030239810378079,0.30316662590178556,0.30337780206100284,0.3035704935804435,0.30375051897486727,0.30396201348393903,0.30419523216415323,0.3046172018295126,0.3052574935353056,0.30595986497870875,0.3066829002466027,0.3074342366586058,0.308193281262665
2.3366834170854274,0.29845985170560674,0.2985870073647412,0.29892269295662843,0.2992692096660736,0.29959084437735206,0.29994308908281464,0.3003499634415767,0.3007916127483745,0.30126246764233544,0.30173423770802876,0.3021611240801272,0.30249534121338195,0.30274548930144285,0.30294308796371117,0.30306553772265155,0.3031648585061122,0.3031795385408933,0.3031305894974101,0.3030182392138604,0.3030518457133552,0.30322706149786316,0.3034496794622471,0.3036541305929594,0.30384857892163997,0.30408728693040776,0.30442934524101095,0.3050440019601608,0.3057809454874081,0.30653550927674167,0.30733871307888316,0.3081437644758075,0.30897269427837903,0.3097990158689351,0.3105735487246848,0.3112951412988373,0.3119514981107945,0.3125751283713567,0.31315968561746876,0.31371700179184203,0.3142159536930538,0.31464027785749005,0.31496053764891907,0.3152067644961938,0.31537258466208296,0.3155701972731455,0.31583228958202714,0.31613902172088104,0.3164524788038734,0.3167432376436644,0.3170169354378851
2.407035175879397,0.3031802220389421,0.30312996929791014,0.3030071142007491,0.3030705317327891,0.3032649898705905,0.3035001697684139,0.30371037192156247,0.3039386054164712,0.3042010888971851,0.30469969064003377,0.30544851673036977,0.306237070687441,0.3070870417500864,0.3079338387600451,0.3088062763040793,0.309690405881479,0.3105159129648698,0.31128457627270056,0.31198192945359904,0.31263731567714936,0.3132560285800631,0.3138336447204473,0.3143492150731517,0.3147635646263339,0.3150744043544238,0.3152994625431558,0.31545150240077946,0.3157252692026602,0.3160263507007779,0.31636119384149053,0.3166798431188824,0.31697701235025844,0.31736355421029416,0.3180271358883786,0.3188294015980775,0.31970130187640866,0.3206276716183224,0.32155881252243623,0.3224977048307165,0.3233654501486919,0.32416104274121915,0.3249116485444393,0.3256032406798848,0.32618123647609054,0.32668628240554554,0.32712128917866246,0.3274838852850678,0.32776799192948136,0.32803066548850635,0.32828013782043164
2.477386934673367,0.30964247091702757,0.3105180055043746,0.3113293673423776,0.3120662684036334,0.31274758434083805,0.31340187338938663,0.3139916663612836,0.3145113634426311,0.3149031499055016,0.3151899001165557,0.3153769484374416,0.3156123452362346,0.31591422948168857,0.3162616683405791,0.3166147286748019,0.31693154673795954,0.3173092302940411,0.3179881039956133,0.3188388725753426,0.31976315352827955,0.32074723626561397,0.3217351579216594,0.3227221880990898,0.323617514966295,0.32443585412501164,0.3252162747591191,0.32589706945132213,0.32645873889916666,0.3269576246030802,0.32737448414167614,0.3276891307498997,0.3279704673671566,0.328247087777911,0.328468459093594,0.3287965605904417,0.3291420837203842,0.3294730348563738,0.3298195404621035,0.3303769784494659,0.33104835286039136,0.3317199481544906,0.33259543531546687,0.33348700539167286,0.3342926693284548,0.33501949906924,0.33565049369704014,0.33621275997040545,0.33668995522845346,0.3370598625232897,0.3373667130178958
2.5477386934673367,0.3166235027935185,0.31695654913857463,0.31738587419270603,0.318157659969451,0.3190776579641639,0.32006400868097273,0.3211112991180467,0.3221666789479507,0.32316975699713,0.32407526351589655,0.3249161783938106,0.32568292457647785,0.32631095646881225,0.3268558567876043,0.32731193457097807,0.3276555402906305,0.3279551392787251,0.32824860511585097,0.32848820568403103,0.328841077519782,0.3292007288539722,0.32955709588713433,0.32996543455739125,0.33061882508316054,0.33130117912023826,0.3321138498957332,0.3330804026327743,0.3339717434800967,0.3347626680262311,0.33547042110739744,0.3360794143747672,0.3366101202380446,0.33701390812602805,0.33734219343362304,0.3377001228969678,0.3380600444149575,0.3383968576032914,0.33870508590004145,0.33888206389075437,0.33898458595202685,0.33915014717216485,0.33936360541672994,0.3395773547896115,0.33999601583703265,0.34049418370361595,0.34102059651399896,0.34162433128131653,0.3422686096665063,0.34287632859308337,0.34345260414514356
2.618090452261306,0.32694676774085873,0.3274080533817809,0.32775222754896105,0.32806765318885056,0.3283363605209595,0.32864703420476404,0.3290283580005432,0.3293958130100316,0.3297807540035036,0.3303962351852936,0.331138898070521,0.33194133660944436,0.33294881329384496,0.3339012561840029,0.3347415197372,0.33548875882813656,0.3361293911875106,0.3366740000495374,0.3370864998802433,0.33743403311916254,0.33781160424589385,0.33818784460138895,0.33854092578245376,0.33879633851345536,0.3389536816543627,0.3390785726699185,0.3392821204240759,0.3395045528829287,0.3398635090492814,0.3404048149680623,0.3409458858103922,0.3415760958159755,0.34225617186617185,0.342897148706115,0.34350264633693994,0.34407126749827777,0.34461209085288624,0.3450951737562933,0.34547039727280093,0.3457203278539491,0.34597002520773645,0.3461713480618841,0.34631012152802076,0.34635792367181883,0.34629955793197054,0.3462006489781354,0.34623277165194755,0.3465235545498029,0.34690056411194803,0.34725351763275714
2.6884422110552766,0.3333552197630769,0.3343099538332397,0.33515519986351705,0.33587302371302985,0.33649192135036876,0.3369643818544431,0.33733655207150115,0.3377359078410116,0.33813657904484185,0.3385097700041666,0.33879043659503205,0.33895534586565157,0.33909204485237554,0.339313023576411,0.33954654465422773,0.3399989754517947,0.3405501957182122,0.3411590161316641,0.341850908906719,0.34256328745606857,0.3432100540977989,0.34383117701058175,0.3444128531270467,0.34495092716408204,0.3453827996740009,0.34566871278225364,0.34592810348344516,0.3461542455968074,0.3463018286174431,0.3463579168108033,0.3462949530165791,0.34620516986578875,0.34624906374377173,0.3466148225562715,0.3469968949305552,0.34735865216070994,0.34781168904008797,0.34836395282233346,0.34891942203279946,0.3494478704780448,0.34992986879189547,0.3503554911652327,0.35068722523897344,0.3508624433904526,0.35096246160467426,0.3509180404158503,0.3507558732540461,0.35058285171073833,0.3504791816035955,0.35038794785221206
2.758793969849246,0.33903266471075255,0.3392577096201177,0.33950170522863643,0.339919847433519,0.34050946365190105,0.3411429590745553,0.3418717564973883,0.34261777546178585,0.34329648699678994,0.3439414966675367,0.3445477872062557,0.34508738004189055,0.34549631795225,0.34576403402461864,0.3460420487436555,0.3462287561208123,0.3463569155152234,0.34632973282569757,0.34621163903011576,0.3462284363274615,0.3465121237003622,0.34693016385629294,0.34731103361056404,0.34777526205935416,0.34835426335304454,0.34893749218550896,0.3494913300055559,0.34999602583307254,0.3504338414268815,0.35074439199588237,0.35089724166261127,0.35096093499048653,0.3508713003525452,0.35065119025166114,0.35052719102007945,0.3504345340570243,0.3503833818467821,0.3506963094600113,0.3511905108436413,0.351666290003658,0.3520905703788392,0.35239602072715503,0.3526006496506451,0.3527165389284702,0.35293724306018026,0.3532472288889831,0.3534958827004602,0.3536240379602358,0.353699728185479,0.3537361193723213
2.829145728643216,0.34511363058486777,0.3455283280070074,0.34580653148517015,0.34609263622812403,0.3462717989742826,0.34636156804888496,0.34629507215145394,0.3462075963340645,0.3462975207993022,0.34674919208344923,0.3471597552866088,0.3475820593388411,0.34814940704602837,0.34879592931541736,0.34937626984642,0.3499135356502523,0.35038500785759896,0.3507294819724781,0.35089582438577827,0.35095942171486516,0.3508569080205186,0.35062707898154133,0.3505006671494909,0.35040905537017464,0.350420248312146,0.3508671713264231,0.3513821564776388,0.3518643942495985,0.3522651922954264,0.35251939707342816,0.35267310670283414,0.35283126632533146,0.353167637118854,0.35345489663086105,0.3535952290540587,0.35369440153458287,0.35373132985247424,0.35382907432028343,0.35397845780333603,0.3540130699581472,0.354081241890309,0.3541937257866865,0.35444292335596206,0.3548626502585436,0.35521973042425004,0.35549751958167053,0.3557212082394354,0.3558090499955686,0.35577254983990436,0.3556520703357806
2.899497487437186,0.3473300830396302,0.3478584359667025,0.3485155476079007,0.34914131388763936,0.34972847438567367,0.350249830209281,0.35066359679272463,0.3508704950870477,0.3509642644643264,0.3508724828565095,0.3506353077720883,0.35049972808620644,0.3504021224189309,0.35045083452637193,0.350950101692875,0.3514828303761416,0.3519769844448404,0.3523545717231227,0.35258942614225575,0.3527212318467756,0.352988402189352,0.35332616647436643,0.3535352143221884,0.35366930740266,0.35372194133429335,0.35378555944734946,0.35395431692933865,0.3540161800018763,0.35404704004272614,0.3541912620994119,0.35442703380909046,0.3548685731526655,0.3552386608422127,0.35552986334735326,0.35574519493447965,0.35580485781447924,0.3557489503518897,0.3555943435532287,0.35555617290077124,0.3555947959478267,0.3558385043347648,0.3561834076102077,0.3564773919219878,0.3569042723956314,0.3573231807020132,0.3575719913065647,0.35764107819612223,0.35765396752699885,0.3576563281215799,0.3576007600478259
2.969849246231156,0.3506542519906646,0.3505077677788837,0.35040305954008266,0.35046762052129876,0.3509983079469382,0.35155733163043856,0.352063751700499,0.35241977470147123,0.3526369037799302,0.3527595859226087,0.3531245020087168,0.3534480942762247,0.3536073612904713,0.35370034227122016,0.35374658044930407,0.3538935816911525,0.3540143669178547,0.353984779395205,0.35418316503803693,0.35436692320777907,0.3548165629588189,0.3552155731522262,0.35552275043485504,0.3557492535093355,0.3558055723333995,0.35573425976594186,0.35556475082765104,0.35556530817397003,0.3556294646698912,0.355950444589725,0.35629491680436454,0.356614430105632,0.3571090334833886,0.3574811338291384,0.35762601633985525,0.3576390549911881,0.35765484683202486,0.35761625324210966,0.35763532010508636,0.3577542824110007,0.35793367999991776,0.3580463482443148,0.3580079125020432,0.3578854160919569,0.35777900794533013,0.35792737541294006,0.3581982631823648,0.3583995219438003,0.358494048668766,0.35850526322291576
3.040201005025126,0.35289185926599564,0.3532649175445658,0.3535285037864184,0.35367159643901,0.35372325958401873,0.3538216142016035,0.3539902098603982,0.3539982962907462,0.3541567019048215,0.3543055219732347,0.35475326887445546,0.3551814724129344,0.3555077191466488,0.3557491409378829,0.3558052608817148,0.35572012932857455,0.35555147635903117,0.35557652584275756,0.3556842531925237,0.35605956367396363,0.35638619397708604,0.3568142208441042,0.35729258994138635,0.3575743647130223,0.3576370520809514,0.35765958470828485,0.35764018699214273,0.3576154991009661,0.3577042836491763,0.3578980934042718,0.35803966529249864,0.3580150410154703,0.3579024673005794,0.35777758620957945,0.3579296616483201,0.35821003493458314,0.3584140567471562,0.3584966541978686,0.358503342951046,0.35855623030933836,0.3588420433646704,0.35909989660972474,0.3593025137963497,0.359435466624467,0.359448699601437,0.3594488498066597,0.35940391076330247,0.3593628581441931,0.35934994219715044,0.35927670721930316
3.1105527638190953,0.354268845389329,0.35472443613919147,0.35517698611940385,0.35551923277242714,0.355762872932869,0.3558004229728787,0.3556908746883026,0.35554397916490466,0.3555906990291714,0.35579054338379723,0.3561895697623705,0.35653416779968317,0.3570497841360085,0.35747037123242686,0.3576288670268547,0.3576413571851753,0.3576583101882088,0.35759867068659124,0.3576801539474699,0.35786648052614,0.35802932601275594,0.35802124602364827,0.3579155108519775,0.3577767504134638,0.35793694053820246,0.3582273169326353,0.35842896167121063,0.35850022173169527,0.358503148024242,0.35861527426189876,0.3589216924790616,0.35916608429401564,0.3593743944544634,0.3594407633086185,0.35946414037089347,0.35942119863745003,0.35936599677557024,0.3593566250838951,0.35928443257123155,0.35927757888557355,0.35924576310940415,0.35922000100355134,0.35912088191562863,0.3590291128114027,0.35910725083645767,0.3592122177009329,0.3593182648821729,0.35946476669115324,0.3595315574305338,0.35962341943482035
3.180904522613065,0.35562350914216334,0.35599415978629767,0.3563682109952,0.35682616982404125,0.35733961979325635,0.35760273263585574,0.3576309871313934,0.35765459385386156,0.3576041048598477,0.35766656746009595,0.3578484871226477,0.35802546332319607,0.35802164073370035,0.35790807971177063,0.35778022795983744,0.3579912215466696,0.35827281151820256,0.35845690263828345,0.3585010079522256,0.3585099779733354,0.358733566265413,0.35903075053606437,0.3592620261380264,0.35943126837204453,0.35944853086764683,0.35944503163761765,0.3593965688426415,0.35936371200588857,0.3593076726098794,0.35926853930172276,0.35926064170206584,0.35921675617643434,0.3591313868170035,0.35902564119553637,0.3591074522186659,0.359217530572719,0.359333178178293,0.3594704822495547,0.3595397248863781,0.35965262835642786,0.359762725864047,0.3596599737158359,0.35930225475643773,0.35898032559014315,0.35879980717240356,0.35855051253717385,0.358289492007865,0.35828267019127247,0.35839899000314146,0.35850196860506434
3.251256281407035,0.35760156697883116,0.3576749651392992,0.35787170816806624,0.3580377112422837,0.3580099009665171,0.35784857856590957,0.35781557772382444,0.3581111125805757,0.35836532346899086,0.35849278023251063,0.3585042443683255,0.35858065471376743,0.35890880360921074,0.35917334979105564,0.3593899204179918,0.35944400157548695,0.3594550300695617,0.35940360888668343,0.359364210464153,0.35932267872789736,0.3592655209873358,0.3592637242348349,0.35921675517292007,0.359124424958298,0.3590326227870102,0.3591293162793129,0.3592330331706092,0.35937653494455535,0.3594957319826968,0.35956989441193854,0.35971189455011565,0.35975151185292353,0.3595236077215478,0.3590841749259448,0.35887698659951073,0.3586721693753726,0.3583477596413037,0.3582899750547379,0.35835373591643327,0.35849288961742865,0.35867663783990955,0.3588969085269972,0.3590909605373196,0.35911147718184044,0.3589252692048992,0.3585092459791206,0.3579628769072374,0.3575824597051933,0.35727079755878766,0.35722509181432527
3.321608040201005,0.35827623157859234,0.35846678626705053,0.35849961084254367,0.3585343398015002,0.35885370540485395,0.3591461985976343,0.3593785323632943,0.3594424825584688,0.3594555495613534,0.35940374194491276,0.35936494828845755,0.35930676411983986,0.3592746530809108,0.35924436026094386,0.35921741488196446,0.35907609096184434,0.3590417542778839,0.359173837103422,0.3592879937393183,0.35945152122182134,0.35953134364352435,0.35963815099484076,0.35976262486621136,0.3596397931115233,0.35921673942731724,0.35893232248949325,0.3587298297643653,0.35839861005266194,0.3582832694763014,0.35833718354375843,0.35849052074018006,0.35867532216552567,0.35890440262511425,0.3591008731208559,0.35909889109061155,0.35887942259106564,0.35838405308860033,0.3578509295448479,0.3574933906908858,0.3572229055752807,0.35733541442838457,0.3578564891018974,0.35860778025616513,0.3590509581710404,0.3593137092287788,0.3592574200196449,0.3588509413014651,0.3581506407179389,0.357366981458911,0.35663391605318573
3.391959798994975,0.3594488011578568,0.3594399206935617,0.35937838067489003,0.3593571844712875,0.3592783842307361,0.35928370665974807,0.35922360812566656,0.3591409473493484,0.3590289354000009,0.3591342432480562,0.3592442658662057,0.3594126649325766,0.35952565709901774,0.359616133525275,0.3597564514460566,0.3596595770930545,0.3592375468393362,0.3589314063855653,0.35871730741617225,0.3583704763415203,0.35828995510560846,0.3583663803114805,0.3584990429343746,0.3587418855920279,0.3589681489728209,0.35912013465329795,0.3590243749445279,0.3587099216264289,0.35811542083212333,0.35764829194891057,0.3573024485086712,0.35722146272656163,0.3576282608621064,0.3584113877718651,0.3589556587053069,0.3592793008285604,0.3592930461744197,0.3589186119236538,0.35822777836515896,0.3574146877909463,0.35664055324114974,0.35647281202892644,0.3570834130832682,0.3581227890761933,0.35890055121047226,0.35946794200657295,0.3599031528514267,0.36002424903096664,0.3598599745566837,0.3594641580816843
3.4623115577889445,0.3591545669012268,0.35902686472297507,0.35913739866077554,0.35925017025027406,0.35942753905738056,0.3595295225003643,0.35964312282601485,0.35976500029893055,0.3595771158815526,0.35908774280319977,0.3588526782855539,0.3585966857589782,0.3582877395935773,0.3582967509533481,0.3584632083062145,0.3586103240912064,0.3588871760145995,0.3590984327324146,0.3590902309619899,0.35882789402496273,0.35825340411651785,0.3577187952580557,0.3573613862984384,0.35720391920242434,0.35760111209060974,0.3583997479151312,0.35896582328701176,0.3592922663171081,0.35927266920814793,0.3588423128993953,0.35807156653348693,0.3572013310675922,0.35652139887123035,0.3565803153809981,0.3574566742643228,0.3584739473463898,0.3591470313892985,0.35969954596187126,0.36000995185419526,0.35998277350594154,0.35962135630155,0.35910743189609406,0.3584166936249008,0.35767338829767126,0.35826013909867016,0.35930906932070583,0.36027112786920457,0.36096485483586604,0.3613186598500242,0.3614573143595272
3.5326633165829144,0.35974624799272115,0.3596781594465204,0.35923915972715903,0.3589130842410905,0.35867049887530833,0.35831174036663016,0.3582867679893095,0.3584432942781306,0.3585903313233192,0.35888485859653807,0.3591014791203373,0.35907820812807056,0.35878169659471215,0.3581613975805096,0.3576438899889023,0.35727187097655255,0.3572678697893332,0.3577925544274535,0.3586414337565692,0.3591131470036133,0.3593309668832183,0.3591012293819045,0.3584778230637874,0.35760886331814323,0.3567221242254379,0.3564629461656663,0.3571138229911016,0.3582257722659099,0.35901429651967165,0.35960758707675433,0.3599932767514924,0.359999260091732,0.35965153328191746,0.3591272839676851,0.35840713312884465,0.35766283205428717,0.3583636657806303,0.3594459157201896,0.360416910829889,0.3610687741309955,0.3613802919429545,0.361472232271724,0.3616507801996228,0.36160031604817533,0.3613157704648461,0.3608369243500098,0.36133391490684263,0.36187188227909106,0.3623341448349686,0.3629020326864246
3.6030150753768844,0.35830743680216803,0.358491274826358,0.35872703208187695,0.3589866504458801,0.35911864563230345,0.35895407743107133,0.35844245388746354,0.3578202041766114,0.357411805069326,0.35720066519315075,0.3576107202454094,0.35846898310140685,0.35903789402302666,0.3593241924392635,0.35915841987757224,0.35854497553913645,0.35764582816934243,0.35672235954228193,0.3564703195197385,0.357206741619297,0.35834010593462406,0.3591109699960041,0.3597069103627487,0.36001316058567523,0.3599407783727433,0.3595105374014187,0.3588865620635415,0.35804408392485054,0.35779562286975886,0.3588909911258569,0.3599835151818731,0.360833644833116,0.3612791265498013,0.3614505702425064,0.3616099823676817,0.3616431735178861,0.36141464879958907,0.3609091007656593,0.36123296074959166,0.36181798025527345,0.36229757726632683,0.36288196165693487,0.3635462227445141,0.3639956255703698,0.364213229843798,0.3641003470765777,0.3635832223762214,0.3633974213743909,0.3642542506465486,0.36499970443448415
3.6733668341708543,0.3584186816298899,0.3577833064660918,0.3573703499103247,0.35722217151693747,0.35772830492042407,0.3586406011120462,0.35914304145467035,0.3593227401282776,0.3589823183336035,0.3581937229447121,0.35721859100927467,0.3565007212872551,0.35670819383924723,0.35786303058158153,0.3588416525741899,0.3595091116921819,0.3599723369526939,0.3600025981480204,0.35962714128731177,0.35903701092207574,0.35820429775524587,0.35772179436050455,0.35877687853260043,0.3599201874941166,0.3608208205498984,0.36128479120526125,0.3614566214118591,0.361628602024031,0.3616202832302473,0.3613401552961243,0.3608305167873338,0.361403230600446,0.36194558759046636,0.36247225687947526,0.3631403095656176,0.3637580506425424,0.36413883400677804,0.36419634638029275,0.3638588066611331,0.3633785950707381,0.3638827841085819,0.36477252357936685,0.3653660224864249,0.36569705463866065,0.36578907779649095,0.36565454231279737,0.36566856607527054,0.36563810787471485,0.3654941639682536,0.36589046103027123
3.7437185929648242,0.35904922852830345,0.35933032410674026,0.35906137587738607,0.35830272926100215,0.3572990769490194,0.3565088046780338,0.35670916755099813,0.3579107284034486,0.3588993335669102,0.3595759698240715,0.36000178341269606,0.35996667806708915,0.35951626876576526,0.3588387265210051,0.3579100964886863,0.35800229820023644,0.35923509662719444,0.3603483427228449,0.361087830073074,0.3614042702106377,0.3615102202156357,0.3616623274945604,0.3614799179875251,0.3609931541894138,0.3611928498679934,0.3618281901919431,0.36234771499105956,0.36300767218178964,0.36368323976909744,0.3641081911296794,0.36420518905624755,0.3638778559197462,0.363377069404208,0.36392603679799795,0.3648337195197494,0.3654106324097359,0.3657274733003739,0.3657576340707659,0.36565747639427226,0.36567138845031266,0.36558393272178735,0.3655147929103151,0.36615932922510275,0.3667220467951524,0.3673529076463422,0.3677001097315371,0.3677721258464831,0.3674995985380889,0.36689256761871825,0.3662931959118496
3.8140703517587937,0.35646811185501015,0.357333197736199,0.35855507259939046,0.3593320695539397,0.3599144471030762,0.36001776626159754,0.359640941461592,0.3589998032116368,0.3580833243979704,0.3578560307219003,0.3591162627521356,0.36028896287611434,0.36107625349747385,0.3614060667200163,0.36152125538263336,0.3616600750222698,0.36144258811123575,0.3608885939373949,0.3613409862364476,0.3619395900408471,0.3625167646272718,0.3632356776767467,0.3638531372773641,0.3641950916221568,0.3641311013897981,0.36358097203131945,0.3634959509591863,0.3644719745698284,0.36521397162740366,0.3656317382193919,0.3657985497104008,0.36565827816924723,0.365668526124841,0.36562779620851704,0.3654993762271008,0.36605225050901125,0.36665555673412964,0.3673100191727605,0.3676932460417399,0.36777211839831725,0.36748451216356226,0.36684360768253454,0.3662401073486756,0.366276345932139,0.3668150778727072,0.3675004588288977,0.36816494365177244,0.36842581897918647,0.3681751963547133,0.367660712222007
3.8844221105527637,0.35996526266167117,0.3594766292289808,0.35871122768357977,0.3577228447129397,0.3583932804813965,0.35969029834397837,0.3607579947659286,0.36129240349669933,0.3614633399638292,0.3616524188377772,0.3615367356036131,0.36108944062337756,0.36113604309617675,0.36182860106861114,0.36238716993053466,0.36312141265054454,0.36380011590342076,0.3641780636046297,0.36414146858793295,0.36358492758117844,0.36352177722154067,0.3645328122897913,0.3652759337195104,0.3656782856147055,0.3657847637498679,0.365656608215714,0.36567133059962376,0.3655738041539709,0.3655817017633676,0.36629174848587065,0.3669184161871787,0.3675322946683537,0.36776845414133474,0.3676879769062942,0.36716578319218907,0.36645642961235336,0.36609176553808176,0.3666267738193332,0.3672832764230297,0.3680421204398294,0.36838794824527255,0.36825371335254276,0.3677456217292866,0.36720951811762526,0.3669138595237431,0.36717626761753885,0.3675818399006231,0.3676675294565741,0.3676065233733905,0.3673342256185079
3.9547738693467336,0.3597650639739327,0.3608348272872606,0.361335573338452,0.36147688861588123,0.36165939521064727,0.3614708509836513,0.36089566857040634,0.36138562301155086,0.3620093467619818,0.3626721940642226,0.363445766567013,0.3640136189915566,0.36421613919306584,0.36389983609835985,0.36335812634037157,0.3641313054962281,0.3650435505922449,0.3655625603043554,0.36580417054128034,0.3656622778286336,0.3656672321523873,0.36560339744473813,0.36551588064261153,0.3662356105754112,0.3668761274336042,0.3675227972430313,0.36776958744192934,0.3676726475930434,0.3670995054214623,0.36637557190895365,0.36617422635107655,0.3667394046529391,0.3674596266307858,0.36817178314352383,0.36842924267919086,0.3681071519433312,0.3675259084453759,0.3670113631691361,0.3670416611323817,0.3673477466551497,0.36765386393570965,0.36762549016194157,0.36746546769711763,0.3671247675811229,0.3666931430076772,0.36634259450252404,0.36643628070637346,0.36640467387421904,0.3662342685382406,0.3657600760285198
4.025125628140703,0.3615145097519048,0.36097340580837656,0.3613279247297263,0.361987401044768,0.3626698843771856,0.36347258149374406,0.36404378946904037,0.3642083154771233,0.36380159905498166,0.3633220912573425,0.36436472325868996,0.36521694401356875,0.3656718454813561,0.3657757142557796,0.36565846964315685,0.3656711403126319,0.3655380738709906,0.36583756765101505,0.36653481291621004,0.36725665651002837,0.3676987296724459,0.36776349194240265,0.36735382801671657,0.36660979949388306,0.36608330552028945,0.36659208630790974,0.3672909614940921,0.36808966917374797,0.3684195235204559,0.36815388521889414,0.3675645246150794,0.3670265204350537,0.3670420416355341,0.3673620922688524,0.36765230696016493,0.3676243226119019,0.36742597127249976,0.3670432610396761,0.3665869054042219,0.36639822202975614,0.36639551904127177,0.366398979418032,0.36610320023532994,0.3654683404983837,0.3647714598314865,0.3639967810532889,0.3636957259312422,0.3636758584036289,0.3635227701343874,0.36289406249230605
4.0954773869346734,0.3631922891480368,0.36389337584057735,0.3642144764204681,0.36396339213755313,0.3633672222206924,0.36417519608712845,0.3651257663118156,0.3656346914533546,0.3657868315206342,0.36565822600787734,0.3656707043162717,0.3655294246245575,0.36588693087383617,0.3666136874626358,0.3673570315046777,0.36773562528116455,0.36772442095851265,0.3671730451214952,0.36638767143715667,0.36620052361474964,0.3668145780143466,0.36761133566905935,0.3682809117357012,0.36837821933622017,0.3678892710149184,0.3672749984058312,0.36691191564859504,0.367210568323065,0.3676347236759657,0.36763710089185053,0.3675109003175121,0.3671559375582645,0.3666962031803045,0.36635580702975123,0.3664161407605957,0.36640865916778376,0.3661226244982839,0.3655004145479921,0.3647753500769737,0.36397629583113456,0.3637073227172669,0.3636504131152749,0.3634765453426171,0.3627069658553248,0.361624423236381,0.36051579415313184,0.3595909290980691,0.359341353491358,0.3588756877071061,0.35809098284073415
4.165829145728644,0.3635760201955992,0.3647094373657829,0.3654337184860097,0.36579039837959715,0.36567829498077986,0.3656677383315138,0.3655804114364085,0.36566900229658006,0.36643548808043447,0.3672019108837441,0.36769713418390093,0.3677550316784678,0.3672634008504032,0.3664474834026461,0.36617494888559476,0.3668051103242431,0.3676320722008404,0.3682989109284356,0.36834300064573733,0.3678003010433085,0.36717965843746003,0.36698369754957527,0.3672935429334492,0.36765388463471793,0.36762368697395154,0.36740359547885215,0.3669828076188457,0.3664931108502658,0.36643257012039476,0.36637793655899853,0.36633523796055467,0.36585911195098486,0.3650662980818582,0.36426902601204025,0.3636842550901087,0.36369465326623807,0.363552859041798,0.36298475669260255,0.36186935370697726,0.3607027406646328,0.3597059771684339,0.3593718074036323,0.35892726589510926,0.35813088777014246,0.35694979540256,0.35548630785779123,0.35393844422918563,0.35295146244292996,0.35201849078742475,0.35100002347442627
4.236180904522612,0.3656564483858942,0.3656718354057742,0.3655172776413951,0.3659810796593008,0.36674111722422753,0.36750669114168066,0.36777274733843135,0.36755778950418994,0.36679115352434977,0.36612270212028175,0.36656321369187617,0.3673345674024828,0.3681699862834017,0.36842269140992423,0.36796717601647666,0.3673000997121456,0.36692164807127425,0.36724002222697805,0.3676533128201416,0.36762391463683164,0.3674154686730018,0.36698067916596255,0.3664717629790162,0.36644046710612443,0.3663874761673779,0.3662729292184105,0.36571211860373176,0.36492326770514594,0.3640662739661089,0.36369509819638446,0.36364935234060725,0.3634446702023788,0.36255122565252196,0.361380259190767,0.36022361027119265,0.3594316908853371,0.3591977799021572,0.35851092592621225,0.357436345649641,0.3560786807545482,0.35440679471947334,0.3532615053590482,0.35229333139045127,0.3512783189902249,0.35006486485955324,0.34859854113653765,0.34691843733468875,0.34523956382547016,0.3436898505456407,0.3420060472157518
4.306532663316583,0.36684477270248417,0.3675743055699562,0.3677741359792215,0.3674298845327999,0.36659582122733214,0.3661128895350745,0.3667809138225899,0.3676638785699461,0.36833016658567774,0.3682707033381656,0.3676364034018097,0.36701104622379077,0.36710627476891666,0.36753595512974235,0.367666653293665,0.3675352536768508,0.36715263976669876,0.36663403785574333,0.3664062932965013,0.36638368414414324,0.36635828018578287,0.3658628059969936,0.36501992590518395,0.36415645710992894,0.3636765875473813,0.36366197867113303,0.3634482895275788,0.36252043092159014,0.3613131211009585,0.3601284587859921,0.3593974811370315,0.35911328392580155,0.35835398882800173,0.35716901932077594,0.3556697300810565,0.35399235052617783,0.3529279383233268,0.3519341172759305,0.35079310663710506,0.3494757811089384,0.3478382055598872,0.3460664481812652,0.3443405274861122,0.34279195693616704,0.3410203458451122,0.3394523031219435,0.33768726406199034,0.335918046367238,0.334174661936843,0.3319619941791486
4.376884422110553,0.3666249972095581,0.3661094841405077,0.3668009197764104,0.3677251410094138,0.36835722112387237,0.3682041978806163,0.3675233898395489,0.36689785145051834,0.36715906605239623,0.36763063858673917,0.3676333512229122,0.3674316037274855,0.3669698428537779,0.3664266115031869,0.3664507966704815,0.36640720008740124,0.3661330731451906,0.36541095858729666,0.3645728442018711,0.36375436281448503,0.3637008078959013,0.3635565164308623,0.3629046089277985,0.3616613833798774,0.36040097533045157,0.3594659578231695,0.35920962105463716,0.3584789112806891,0.3573078783745892,0.35580367297136317,0.35405893040083714,0.35294379607641724,0.35191865998111393,0.35072241814102645,0.34934412145642,0.3476338419246836,0.34581761072642925,0.3440833093617932,0.3424074311713631,0.34062770188492575,0.3389625068196014,0.33714125381831805,0.33533022856056327,0.33341544205187157,0.3309078014085801,0.32840632041960194,0.32676030042048976,0.32488368338540474,0.3229741179594805,0.3207729436573118
4.447236180904523,0.36829692479052234,0.3682870351706893,0.36761410868529265,0.3669531414351459,0.3671458445534651,0.36762401002385414,0.36763313404056697,0.3674156938659754,0.36693621831083023,0.36637047717850035,0.36644048086574976,0.366407896717891,0.36605693235725933,0.36520740678005215,0.3643191758802855,0.36366870083495206,0.36367283399785033,0.36343418839964314,0.3624043213385455,0.3611221619581201,0.35988270341683104,0.3593853426526781,0.35888174974532316,0.3579076226424447,0.35647794018163426,0.35468060353284336,0.35332275957378356,0.35224839668582475,0.3511141554318965,0.3497480449366158,0.3480247660560425,0.3461350309642468,0.3443045775091069,0.34263427961075354,0.3407667568034355,0.3390669650063799,0.3371849391515137,0.3353126414980554,0.33331822527470134,0.33070621188864446,0.32819276854233537,0.3265260151867846,0.324531928889394,0.322568230851457,0.32014958367602997,0.3170417706422184,0.3145458991393042,0.31299489114629875,0.311163323974626,0.30958784324408994
4.517587939698492,0.3670332980438007,0.36748203715734706,0.3676659571974763,0.3675045975812652,0.3670447558288654,0.36646627445474245,0.3664504503269048,0.36640995967861745,0.3660925099601178,0.3652467158411893,0.36433527116633957,0.36366578554196727,0.36365795982768767,0.3633916870972437,0.3622729183641147,0.3609354457099234,0.3597147449679301,0.3593214288572544,0.35867115404895644,0.3575145059863536,0.3559680072257033,0.3541061706973526,0.3529112510766702,0.3518215418613593,0.3505055567805594,0.34897876759400437,0.34709874075947467,0.3451827179158976,0.343446411958523,0.3414788172813813,0.33973731508570104,0.33782058817163185,0.3358838870417452,0.333946294771562,0.3314164521851145,0.32864688009015686,0.3268461873108566,0.3248569756817451,0.32282017400006513,0.32040079598210713,0.3172335970146525,0.3145799240709001,0.31298419666185007,0.3111135950065126,0.3094564932197592,0.3071857953255732,0.3047709774033467,0.30292704955012195,0.301946476055734,0.30166010618684225
4.5879396984924625,0.36726134032134095,0.3667330273956011,0.3663987322870518,0.36637537294263023,0.36625699211169416,0.36554954593710565,0.3646221125148791,0.36373921511854423,0.36369427740652205,0.3634920069190708,0.3624680148514653,0.36110408025072016,0.3597902050908024,0.35934688489909217,0.3586949517663275,0.3575143503410233,0.3559121572555518,0.3540111471635463,0.35281883959484905,0.3516910249074997,0.35030583647688385,0.34864395995811537,0.3466686350711021,0.3446894536273155,0.34290888842274336,0.3409130150331593,0.339105779837527,0.337100485641614,0.33509765304421224,0.3328855929820661,0.33005140077001704,0.32762067897169644,0.32586839502409726,0.323697167819226,0.32147074974790546,0.31849024680573224,0.31524192755742764,0.3135470117104171,0.3115269502689979,0.30992170981614275,0.30769590186046925,0.30518797886055027,0.30311863853189336,0.30201140206716626,0.30169512279826227,0.30092703345114424,0.2999639662540664,0.2986567881387713,0.29784644119993775,0.29730596177262636
4.658291457286432,0.36640995924929964,0.3660451490323987,0.36510787260490307,0.3640994112393934,0.36371781764125855,0.36358565861847614,0.3630389073912341,0.3616370677888159,0.3602240101475793,0.3593923946789799,0.3589606671106528,0.35791539114243254,0.35632310548488655,0.354335768396155,0.3529998739816964,0.35183764064774037,0.35044601572084266,0.3487855442325627,0.3467594434749759,0.34471729545785945,0.34287529905732683,0.3408234346954816,0.33894319875558643,0.3368701739195177,0.3348093403021508,0.3324209105068898,0.32946601399818076,0.3272422871809746,0.32529326899900757,0.32308926154430706,0.3205896958700688,0.31724772173573235,0.314501949868054,0.31275154487425594,0.3108544382489501,0.3089411281583573,0.30644804671452053,0.30394947892684143,0.30238374676209756,0.30177103591661303,0.3012423101808137,0.30031472934744907,0.299032334222595,0.29806755101424154,0.2974132032561383,0.2977197008136174,0.29795609369928977,0.29823663120394284,0.29856854318424364,0.2984470566430889
4.7286432160804015,0.36387262374509033,0.36370593719072875,0.36353111626510914,0.3625233800269668,0.36107326712199017,0.3597191706698638,0.3592921177150208,0.35850491361830383,0.35713821370298926,0.3552598485628522,0.3535090726845551,0.3523022228674624,0.3509990322473878,0.34939011172514967,0.3473731386156764,0.3452819137116745,0.34336444689268464,0.34121356806333747,0.33931240436568055,0.3371870344147895,0.335055905109481,0.3326564104841061,0.32962480501638536,0.3272825610766136,0.32528166078853604,0.32301363140769734,0.32039297813490597,0.316896798230335,0.3143222287882028,0.3124114751211502,0.31054917511554303,0.30842583809239277,0.30578569067088557,0.30338479823093034,0.3020750439739759,0.30171077622609666,0.3009131550113423,0.2998592251529987,0.2985433036706243,0.2976968948223042,0.29741281483306414,0.2978408027074897,0.29809286383439615,0.29847716086067744,0.2985465005678105,0.29810331265775214,0.2986382100541659,0.2995756072838194,0.3004086080357713,0.3008319483017532
4.798994974874372,0.36230277806936917,0.3607857677644625,0.35952164038651024,0.35916357342337246,0.35820974882369394,0.35662899612202814,0.35454140856436767,0.3530514700791012,0.3518193410963799,0.3503381745263694,0.34851666380939783,0.34632826811233286,0.34421681234891865,0.34218816786842887,0.3401080732875903,0.3380121064007351,0.33583186481375316,0.33359310456487723,0.33057639621052626,0.32777418933934166,0.32584662687760313,0.32348100123474444,0.32094713435941613,0.3174830739531924,0.31450386064162617,0.31262526614484176,0.31066067325719793,0.30851381740183337,0.30579837098333496,0.30334101864691676,0.3020402491059906,0.3016769493104754,0.3008012119621739,0.29964405205850975,0.29839045094830907,0.29756678571393225,0.2975677042871242,0.29790738832506203,0.298169899796488,0.298549632840007,0.29845606904371935,0.2980939341154156,0.2990437717879133,0.2999593747239977,0.3006471480784998,0.300793535728481,0.3005324097895943,0.30102310026932044,0.3021248951859964,0.3031514978009937
4.869346733668342,0.35913377439909444,0.3581204791023106,0.3564291788135915,0.3542761133565736,0.35285613796895277,0.351581045321829,0.3500002271244179,0.3479855725017418,0.3457420182206721,0.3436668060248478,0.34142971833648783,0.3394042164319597,0.33715199505729565,0.3348909969210976,0.3322793905527428,0.3290483180422581,0.32685041821337546,0.3245099748572864,0.32211890101052787,0.3189399113788085,0.3152768019347365,0.3133523156061645,0.3111568852348099,0.3091862956172673,0.30649602069460347,0.30378244528297715,0.3021894433287534,0.3017323094624972,0.30092930083775193,0.29979933557867167,0.29844906267042015,0.29758834557036373,0.2975605603122754,0.29791164183758756,0.2981915416241956,0.2985686190781487,0.2984083308200983,0.298217038100806,0.2992043866066746,0.300153516907238,0.30073974776422197,0.3007868817207364,0.3004928643954572,0.3013706736719475,0.30258043920974087,0.3034109129903193,0.30398607011862355,0.3045082953896294,0.3053599679263902,0.3067047078996581
4.939698492462312,0.354402463227238,0.3528950758898646,0.3515899985779979,0.3499639527956544,0.3478721665927861,0.34556622541729665,0.34345846876063946,0.3411346080479378,0.3390295838447345,0.33668431900981344,0.3343928326419501,0.33149742931993254,0.3282864452248764,0.32621129855522435,0.32371131817694776,0.3210729277190788,0.31741383191877526,0.3143891008983519,0.3123078367104104,0.3102957180351392,0.30782409113244646,0.3049374646438153,0.30277578892434853,0.30180908442324006,0.30129070974278127,0.30024376294908306,0.2987669251976024,0.29780194949336347,0.2973842228817476,0.29785657757060036,0.298114502064337,0.29854077738297047,0.29846924866262636,0.2981224822539674,0.299127719515322,0.30010806226173514,0.3007335548219269,0.30078786000619284,0.3004990679485222,0.30144141733831,0.30269515785037227,0.30348179190258573,0.30409970356744265,0.30457194764857354,0.3056225064121143,0.307029540033104,0.3082096328632793,0.30920013644779476,0.3094871469713367,0.3092664098228135
5.010050251256281,0.3502433890456689,0.3481860739075199,0.34581151492690654,0.34361649651532566,0.3412436955383884,0.3390860942386833,0.3366722496662018,0.33431629019808373,0.33128717169115307,0.3280568365988059,0.32592908406304444,0.323355917501955,0.32050035271797883,0.3165722436845658,0.31398698277866777,0.31165794900061305,0.3096805832690176,0.3069034452925964,0.30401689001089516,0.3022362220983561,0.30172686290985307,0.3008486360782019,0.2995768225655191,0.2982609884321408,0.29745424611751103,0.29774751017269696,0.29801450157793186,0.2984027494136602,0.2985528680420856,0.29807885395325184,0.2988254807185474,0.2998163112856478,0.30061893550890506,0.30078866485836264,0.30048213237580246,0.30125817745480166,0.3025325309037611,0.3034224968023477,0.30404540603740915,0.3045589645051683,0.30559844467429587,0.3070405822314042,0.30826062638487417,0.309242982990918,0.30946817862816933,0.30930603749036,0.310456719690988,0.31127225333071973,0.3109014695923815,0.31004304872699595
5.080402010050252,0.3441351372412922,0.3418063828421186,0.33957054800922104,0.3371274215737471,0.3346713675461205,0.33171081730630225,0.32830713382635124,0.3260970409158146,0.3234531309294293,0.3205386535807634,0.31650728139165163,0.3138967076766165,0.3114856426691819,0.3094366098677961,0.30653644653933976,0.3036183360171296,0.30205385260286055,0.3016284625708743,0.3005726583175392,0.29914953011326106,0.29797389623428905,0.2972951327764979,0.2978290567486417,0.2981117226535368,0.29854540304584765,0.2984265537896237,0.2982614347427074,0.2993374095494483,0.30033704979139,0.30084018362250364,0.30069331394907084,0.3008203505785434,0.3020089044842835,0.3031748474827378,0.3038384582992042,0.3044463257487179,0.30528055729097436,0.3067372693820717,0.3079959820778553,0.3091398408202348,0.30949432096729823,0.3092718750866885,0.31036533988804416,0.3112576611028258,0.310916947657802,0.3100387828322019,0.30911038471197316,0.30908641250576174,0.30921092737530853,0.30865471133801736
5.150753768844221,0.3379992937106646,0.3354967917745125,0.3327008891107912,0.3291206307256187,0.3266543620142732,0.3240034911691029,0.32119154680229256,0.3172065108153026,0.31416267249222707,0.3117514666098914,0.30963640612311416,0.30668816137449817,0.3036771975156247,0.3020517494617341,0.3016069706246193,0.3005021061524066,0.2990131559935346,0.2978671168507283,0.2973914480687204,0.29788145524415843,0.29819051195140767,0.298577444210792,0.2982862244330956,0.298535085768729,0.29964878398466444,0.30054853377598745,0.3007992675545429,0.30048727024794064,0.30131432478323805,0.30266073337280774,0.30351843355248787,0.3041854917706803,0.3047369866799692,0.3060338740475763,0.3074891096275134,0.3087950540761607,0.30948694441138613,0.30924558811261194,0.3099017060341457,0.31113527297957544,0.3110649226446036,0.3101735999133355,0.30935160431954856,0.3089659453628151,0.30925015912422826,0.30876000752889043,0.30696929387754,0.30419434813991,0.30219558250325385,0.30192878910950993
5.221105527638191,0.33075785795007207,0.32752958291874257,0.3250932995254856,0.3223224469973984,0.31868313635605006,0.31473720278528616,0.3125209104883353,0.3102318859273978,0.30740136666394235,0.3042307226173,0.3022290226133264,0.3016929589777684,0.300650864839229,0.2991632239598654,0.29792518973325965,0.2973586210755371,0.29787932419410323,0.29819957855863877,0.2985775077803763,0.29822968839620234,0.2986627989679904,0.29977301553700586,0.3006383484306905,0.3007847504899366,0.3005054127865132,0.30158721641662445,0.3029444516445253,0.3037057444036224,0.30438722575254773,0.30514884439923917,0.3066497524128351,0.30799974659774965,0.30917778615681923,0.3094723418302594,0.3093448981114486,0.3106269507097912,0.31129165916753065,0.3106345928001275,0.3097815134749907,0.3088636224326069,0.3093046714353538,0.3089961458667604,0.3076422213297402,0.3049955240141089,0.30242159880901687,0.30202248731226566,0.3013312640393566,0.2997378897044689,0.2972879988694592,0.29439801563680257
5.291457286432161,0.32379397051033587,0.32071329133715887,0.3163724546146338,0.31364114654648734,0.3111093604100722,0.3086701615368268,0.3053524197766918,0.302780787748407,0.301770605514893,0.30098905843446366,0.29961533752287384,0.29817578392722477,0.2973346360486484,0.29782362502084014,0.29812327794900484,0.2985722406770459,0.29830822054997275,0.2985632893759136,0.29972616330989044,0.3006270404265765,0.30078528151432926,0.30051952947727234,0.3016578236087757,0.30302986912451524,0.3037797023137465,0.30444016296593013,0.3053724341933899,0.30696060274235104,0.30833550605608284,0.30934351886742284,0.3093825382053117,0.3095966690112546,0.31102375813293937,0.3111381195892784,0.3102044252464433,0.30932461624880536,0.3090227550544876,0.30921021119085923,0.30855036118036006,0.3063605683712224,0.30337578954663846,0.30214320426214747,0.3017413564556142,0.30042224218806646,0.29820261643253976,0.29536017584859875,0.2920818426281515,0.2903785854491393,0.2895304373918164,0.2883278829425673
5.36180904522613,0.31496109545427897,0.3126142627459674,0.3101854832780725,0.30716355353436553,0.3038581188272399,0.302041345358833,0.30151820685623076,0.3003015031346514,0.29862083291051644,0.29757120425375205,0.29771428112140264,0.2980322465112619,0.2984977871292367,0.2984630286072185,0.2983011079006226,0.2994953221713592,0.3005094519527749,0.3007970281084382,0.3004791317511353,0.3015285355222739,0.30294794756807775,0.3037383183640828,0.30442587559519463,0.3053686483650181,0.306996814774124,0.3084156569705996,0.30939952944534554,0.30930841071625403,0.3097947153184609,0.31114883219552747,0.3110059114791709,0.31005262911350084,0.309011150606636,0.30921410020959117,0.30911208461021866,0.30800969514340126,0.3053528337899627,0.3025458486817194,0.30202839130455517,0.30127985641317445,0.29953280008262384,0.2968744884853838,0.2937511091002025,0.29089270355164043,0.289969100388517,0.28889488135857555,0.2877451821669511,0.28656490246246036,0.2852433194385874,0.2852198022932204
5.432160804020101,0.3094015035699216,0.30605084023580575,0.3030226307661932,0.30179381254804327,0.3010298889649241,0.2995864471921106,0.2981081285157986,0.2972944863245024,0.29787919935792795,0.29825445960439523,0.29856038241892424,0.2980598492360572,0.29905050264031763,0.3002357851892703,0.3008438697571165,0.3005960867121392,0.3011649718526237,0.30266101105683596,0.3035947823996479,0.3043398687247898,0.3051361462018828,0.30677178354407075,0.30823150053951,0.30933228753726993,0.30935647572473446,0.3097349511633205,0.31114195975256187,0.31099516227900204,0.3100239456392767,0.3089602503850455,0.30925687204609487,0.30904248701389014,0.3076867618498931,0.3048119181972877,0.30223464337911743,0.3019221274287225,0.30090261333136836,0.2988584507936578,0.2959760592478531,0.29263202517391607,0.2904620700667968,0.2895719442873006,0.2883124060740059,0.2872278173266152,0.28609093035720135,0.2848910518823109,0.2858727937539952,0.28728605860256506,0.28793240459282166,0.28880105000729883
5.50251256281407,0.3026112793447997,0.3017435584974316,0.3006845836562859,0.2990245220182881,0.29774209252498207,0.2976069912140181,0.29800811234443714,0.29847888026812264,0.29845497423072354,0.2983680920782783,0.29963159249492644,0.30062062782887167,0.3007875308337826,0.30063897618752633,0.3019852684905451,0.3032995379611054,0.30407076237902286,0.30469852112762874,0.30619790325789564,0.30779032911737425,0.30915455723635366,0.30945330103140134,0.30947743574292674,0.31099043955164174,0.3110991822029323,0.31011090925280893,0.3090367696519509,0.3092268410903545,0.3090664317599836,0.30772544952757364,0.30478092913239796,0.30221237267383505,0.301896725899494,0.3007637179557293,0.29856196621290954,0.29553673377183376,0.29200466304657313,0.2902801180896274,0.28935331500406347,0.28805654542612924,0.28688735589619085,0.2856453410870492,0.2850462874260331,0.28643760072200153,0.2875972555982802,0.2882307999116742,0.28899125747275933,0.2894818449278146,0.29116076790950685,0.29343279122645693
5.57286432160804,0.30046934944394654,0.2986986565980132,0.29755887698839223,0.2977631863488125,0.2980927225426354,0.29856512856907935,0.2982460073188957,0.29881927390584606,0.30006860045164674,0.3008177177542366,0.3006162040926281,0.301186185810173,0.3027519252410631,0.3036784459418813,0.3044175960836343,0.3054641889168286,0.3072008426225785,0.30872066413848187,0.30949956702149195,0.3092559429679711,0.3105455306348577,0.3112819383600143,0.31039359416009105,0.3094137856072203,0.30906157322078,0.3091688007716926,0.30812076089386564,0.3052731445975856,0.30234751520025116,0.30193488446221495,0.30088376443793385,0.2986905086615521,0.2956088224245329,0.2919906389389556,0.2902488509701756,0.2892913700513656,0.28798742776494235,0.2867558791566853,0.2854028129377333,0.28520967329317315,0.2867080109466469,0.28773115789164794,0.2885064151923331,0.28919376728876767,0.2899117241498328,0.29188576420212764,0.29407325818657104,0.29633345150709256,0.29766723132635775,0.2986082931119064
5.64321608040201,0.2974952655683749,0.2977918753763946,0.29812951645406094,0.29857784991966874,0.2980853797636732,0.2990865731211557,0.3003365717888733,0.30084042812659706,0.3004765023927517,0.30162367478776186,0.303119719280565,0.3039418500706743,0.3045996097054008,0.3061412581272265,0.3078160282477651,0.30920500499050774,0.30941564931211174,0.3096986889894666,0.3111805683641695,0.31088683038265863,0.309869099045198,0.3088582089292289,0.3092944687893633,0.3086825776047637,0.30627353374017097,0.30295830811800295,0.30206221100928554,0.3012536040678777,0.2992382628619086,0.2961864485522212,0.29259770636778115,0.290383295224229,0.2894060694010713,0.2880542158879894,0.2868188826628959,0.28545158515150826,0.28520931236300995,0.2867453240897564,0.2877599169657207,0.28858563199978826,0.28926656219843006,0.2901614564817565,0.2922460768022902,0.29445794571375306,0.2966854917950249,0.29784419778347293,0.29878976198975704,0.30032760587922125,0.30129894474807184,0.3032046468977452
5.71356783919598,0.2981400097595459,0.2985765444382188,0.2980485970927773,0.29921110135411144,0.30043611912021484,0.3007922862525203,0.30053321099969765,0.3019233941228271,0.30333790980093633,0.3041675927402261,0.30496992065865025,0.30673570961923147,0.3083708340771447,0.3094515427271627,0.3092407174286532,0.3104360297385911,0.3112876937539736,0.3103597443043251,0.30929909243613807,0.30916516339332345,0.30907922068953786,0.30758738710670475,0.30430887340318047,0.30216433867449655,0.3017305341002211,0.3000984039796166,0.29725062356164855,0.29373593112309104,0.29065603823888575,0.28969687453823,0.28831380491363723,0.28708331713541657,0.28578683573785124,0.28504325098041094,0.2865494655934463,0.287694225051762,0.28850113098878893,0.28922673775450525,0.29010539160551374,0.29223731147373444,0.29450643700089096,0.2967696393367336,0.29790911254603447,0.2989269746138309,0.30042126935630153,0.3016409714211501,0.30342652137311354,0.30401912971185374,0.30279757538246876,0.30165766473369415
5.78391959798995,0.2980736537147902,0.2991812372822179,0.30043853535387477,0.3007863055723775,0.30058101200832954,0.30206210086941976,0.3034291266169127,0.30427529141940945,0.30519227616002165,0.30705289047061357,0.3086933173118711,0.30950822859712923,0.3093105099900155,0.3108524030937959,0.3111071923373345,0.31003909295882326,0.3088896304805513,0.3093106533129528,0.30876632358956857,0.30633263119780496,0.30287526976161305,0.30202767375711836,0.3010313034591603,0.2987374192998411,0.29540581909152464,0.29155936615891953,0.2900930787331262,0.28891790642686044,0.2875689356151443,0.2862838831104084,0.2848870311092069,0.2860482434971672,0.2875111486612476,0.2882127143039701,0.2890650028231865,0.2897451828051979,0.2918533595821793,0.2941941527577433,0.2965835851084091,0.2978346819045594,0.2988237410651122,0.3003991354358644,0.3016283634899539,0.3034543153959185,0.30400580327441085,0.3026450156521283,0.3016485770376883,0.300772417435599,0.2978423071721613,0.29383804145688974
5.8542713567839195,0.30034459083060194,0.30080648265937326,0.3005288426221162,0.3019996302372071,0.30342133926865245,0.3042880902544529,0.3052513641031809,0.30715879290425596,0.3088104748058136,0.3095038120985909,0.309421537398187,0.3110539984470915,0.3109536672248948,0.3098697425941688,0.3088526286527834,0.30923158793921,0.308315200237827,0.30525193515905824,0.3022204804853599,0.3018419785294635,0.3003336546866079,0.2974573553010983,0.2937717296207544,0.2906080792803043,0.2895811727071209,0.28813635356755396,0.28683102214839473,0.2853248271617286,0.2854094455462918,0.2870496096387607,0.2879135580076705,0.28885061538935064,0.28942735372156636,0.29110343763817004,0.29362638395178586,0.29607704076770547,0.2976483026357224,0.2986675426465817,0.300240752043194,0.30125368251960327,0.303280131082559,0.3040352798282546,0.3028249293545029,0.30165031078058313,0.3008310453264973,0.2978671530620831,0.2937545359027689,0.28924597740419233,0.2861562914977369,0.2811737905060452
5.924623115577889,0.3004761787073218,0.3017442129139918,0.3033044378611591,0.3041980831044968,0.3051409770292097,0.30708029716804797,0.30878243446766396,0.3095033026877796,0.30944625229529343,0.31110538547636657,0.31088382504462997,0.3097756412803694,0.3089183267847686,0.3091807628780536,0.3079136534040242,0.30450880976344263,0.30216302355939473,0.30163066022883844,0.29969547358379156,0.2964351113302589,0.29249111044154774,0.29024552019916305,0.2891346159960385,0.28770905576863526,0.2863479441988088,0.28488704770508444,0.2861433316949181,0.28758964903098216,0.2884095034151408,0.2892259700564168,0.2902586242644145,0.2926094202170141,0.2950224771980561,0.29724305578052235,0.29832504006183336,0.299779638135814,0.30079084636346054,0.30286618551288,0.30404325237164187,0.3032612088665556,0.30175324905703116,0.3011163307943667,0.29842369408129743,0.2943355301226105,0.28954506670460567,0.2864802273864985,0.28149786660432685,0.27462429542590905,0.26772467737013694,0.2615191562316841
5.994974874371859,0.30306302177690525,0.30400832883722606,0.3048657916194415,0.3067917467108805,0.3085874147026224,0.30950881250414675,0.3093714782702124,0.3110453126948818,0.3109184319573455,0.30978586129993335,0.30893012764778116,0.3091673949874503,0.3077483508915628,0.30416770880319843,0.30214159421550457,0.30144363191003953,0.2992512442602058,0.2957813813903466,0.2916477961795887,0.29006431558010715,0.2887360930966649,0.28730844191748095,0.28588067833296105,0.2850928855288395,0.2867792215529351,0.28784278315688927,0.2888129054240286,0.2894155795361142,0.291127014137637,0.29375446433334274,0.29631905380225276,0.29777817928925376,0.2988427358370729,0.30046325355741055,0.3020030276895548,0.30378025970531053,0.3038053885101255,0.30204831521052733,0.30147776914450364,0.2994406407309951,0.29551702728988305,0.2906217198161618,0.2873046309460241,0.28261184172748166,0.275907647796483,0.26868921079674135,0.2623670134387708,0.25462604310306414,0.2467282728090282,0.2397898137576533
6.065326633165829,0.30455441614860035,0.30620426571051307,0.30814279628780716,0.30945206936801994,0.30925729447302497,0.31082083711415165,0.3110383564431668,0.3098927405386944,0.30886280610947603,0.30918910560037827,0.3078656974355318,0.30424674976274946,0.30214077724073296,0.3013971914211613,0.29909796151460233,0.29548975485421514,0.2913424223565859,0.289949272811024,0.2884806611660289,0.28704099841216424,0.28548228903672146,0.28540470869719825,0.28714751087621493,0.2880146839170872,0.2889534684953259,0.28969551248522185,0.29204308746139207,0.29461710018278475,0.29706818938367785,0.2982524691569324,0.29974230053644413,0.3008156925202936,0.30299371469274106,0.30405875038030805,0.30293151259762496,0.3016476752584003,0.3006345475153446,0.2971781206003292,0.2925943594038083,0.28843060181721814,0.2843800458657937,0.2782038439096636,0.2707421421582674,0.2640898476491631,0.2566710143415195,0.2482551595929816,0.2411059877114805,0.2335833446717711,0.22670291133035048,0.22375962054107812
6.135678391959799,0.3075420498030522,0.3091967062879507,0.30928893604188745,0.3103744512760659,0.31124536016981597,0.31008687014335745,0.3088694254340849,0.30926075779196827,0.3082435672170074,0.3047620297424991,0.3021617305829636,0.30152135303686656,0.29925741852191245,0.295605873982866,0.2913604072082411,0.289929227930521,0.2884017202593304,0.2869454311786239,0.28528665873232817,0.28558184917494445,0.28733875012012555,0.28815648697970797,0.28912104716179954,0.2901539020560522,0.29268125534670675,0.29529713043829897,0.29745159396380894,0.2985847995843166,0.3002435296967815,0.301510398425909,0.30356152751553545,0.30389129232217904,0.3021171551733518,0.301482336084842,0.2993012761101712,0.29511969029662577,0.28994315515525537,0.2866065711842478,0.2812511636074053,0.27378389501591127,0.26658080736631873,0.25969707721232127,0.2510276215547824,0.24350824947615224,0.2359737887009079,0.228068898193032,0.22449578572492546,0.22286370684715096,0.2250930970543089,0.23178590828681778
6.206030150753769,0.3094971475400733,0.30958109781468346,0.3112482199087536,0.31049912760475396,0.3091628010097691,0.30929445014566226,0.30871480881269897,0.30566528352978395,0.30221082917069064,0.30174594898264395,0.29971644112331164,0.29611691817497776,0.2917080082892698,0.2900188686155448,0.2885179570058902,0.2870031945729671,0.2853192723797404,0.2855945645298431,0.2873788096709904,0.2882247309688951,0.28919779903418863,0.29039415528558443,0.2930349795437095,0.2957370049617124,0.29764225592898774,0.29876018107110536,0.3004498084491817,0.3021395930600246,0.30391538644059524,0.30352999038327666,0.301810888156814,0.30106085904849,0.2979316996349315,0.293247899423269,0.28865656210976043,0.2845629380966077,0.2781144062051599,0.27032933346520904,0.263406839519446,0.2553440512920231,0.24681422389699537,0.2393650122011528,0.23116506608247578,0.22562324708911585,0.22297481979964107,0.22374940218646866,0.22906230992265275,0.2383602702742712,0.24911058005574271,0.2611141451417829
6.276381909547738,0.31075754904619246,0.3110107402779151,0.3097922735887325,0.3090159842052096,0.30905185617650155,0.30687741386040135,0.30286004803999056,0.30192664960632154,0.3003775863940177,0.2970014507592188,0.29266270743367395,0.29016920536451785,0.28880662099098076,0.28723180702284323,0.2855827249254098,0.28545080781682486,0.2872881082442671,0.28816552544565366,0.28917727804835014,0.290396946005377,0.29309871577944946,0.29588081194869276,0.2977039397214928,0.29886616576329894,0.3005553801434352,0.3024495058782384,0.304020587425921,0.3031881012980293,0.3016573065167799,0.30059431651301094,0.29681901066461847,0.2917423440030934,0.2877164505738077,0.2827635996696731,0.27539228039775887,0.2676017756472946,0.26052745597885374,0.25158613905300375,0.24363002277199852,0.23572721782453088,0.22765439810304733,0.2241210959182257,0.2229829066033,0.2262089677840209,0.23414346129211316,0.24488356889717722,0.2563397598463859,0.26953901675902836,0.2843001076484326,0.2982580025566145
6.346733668341709,0.31029442445438205,0.3089345927115046,0.30928531065415077,0.30818956933828434,0.30436305116268614,0.3021213232164991,0.30111452391898963,0.2982538559969624,0.2940281320709637,0.2904997752934979,0.28923686911148183,0.28760349663643403,0.28602350435965973,0.28514215064638293,0.2870303507856925,0.2880269060581838,0.28906174663790485,0.2901580985027249,0.2928921386287151,0.2957195657078532,0.2976777457677686,0.298853357210473,0.3005677420692967,0.30253925855521024,0.30404072417968786,0.3030061561202997,0.3016452850820768,0.3002411031488308,0.29615784517174226,0.29076936925040964,0.2869662875399648,0.28137099273306854,0.2733687482274201,0.26582080366160565,0.2581758975517602,0.2488744988384819,0.24103284302334915,0.23271741927171874,0.2260341859420023,0.22307811822854828,0.2236358144124655,0.22908627847879248,0.2388434271737332,0.250122319952339,0.2628039511156466,0.27750097947619,0.2922251671933793,0.3056880413939148,0.31885293336585363,0.3320158451764945
6.417085427135678,0.30905108185866637,0.30900334523746587,0.3064323960494658,0.3024119424934877,0.30179804604091454,0.29968149229452146,0.29579427354145604,0.2912297781490474,0.2897479007791277,0.28805532798725064,0.286488295031742,0.2848979967483569,0.2865601758067359,0.28785389103928116,0.28887908165007825,0.28969105337465106,0.29237029120970726,0.29525273486305414,0.2975453774866734,0.29874279934393655,0.3004977646740279,0.3024067411489184,0.3040303120668082,0.30303450880253724,0.3016432394317623,0.30014174533548443,0.295895849784803,0.2903389540811582,0.2865305928373165,0.28050346695294703,0.2721805564481099,0.26468323058437015,0.25644410543845964,0.247199326548452,0.2392255440520622,0.2304265920561438,0.22519749262261501,0.2228232582149654,0.22487765192481735,0.23223587851712724,0.24313325384044793,0.25483868915843355,0.26856410795294283,0.283984984294817,0.2985684532142012,0.3117483808738396,0.3256799113222083,0.33776611213266783,0.34601236917804123,0.35159923798687487
6.4874371859296485,0.3083456590385848,0.3044405927698626,0.30211163085830006,0.3009612490853225,0.2978023451673386,0.29330180544788254,0.29023409280184,0.2888003095495657,0.2870999920609698,0.2852465058285937,0.285800629809548,0.28759566446320917,0.28865454526696865,0.28940972642978546,0.29154572188725236,0.29453724053760677,0.2972466950333469,0.2985452826027952,0.3003278370306074,0.302031279841933,0.3039594353265265,0.30326534917611214,0.3016501155598088,0.3003338708662542,0.29609193599458605,0.29043720576198595,0.28651001752827565,0.2803025462843146,0.2718021036298206,0.2641790908602366,0.255544111626435,0.24629999791947088,0.23810227738926404,0.22905153674612877,0.2246025707443131,0.22292931329757115,0.22613385600805735,0.2346912413971325,0.2462365504051498,0.2588350850545893,0.2734213292941936,0.28898563515358755,0.3033301018118556,0.3169701331223199,0.3309484035529521,0.34170795824792255,0.34847596820406124,0.35441056651124503,0.3591978569346811,0.35987967861202064
6.557788944723618,0.3028310119084503,0.3018743830074657,0.2998676120914272,0.2958651104584822,0.29116051607275484,0.2896257862884406,0.2879160478187126,0.2862637918469767,0.2850465060886719,0.28702671935004365,0.28808593151062456,0.2891940036552121,0.2906573408430042,0.2936322763750918,0.29660507671193126,0.29816209952091244,0.29993225528086365,0.3013081994368755,0.30367686457924425,0.30364701199230293,0.3017650939228854,0.3007510726941143,0.296705193866341,0.29109527177443395,0.28691521549614807,0.2808104533924547,0.2721549330679982,0.26434530456851935,0.25555123462140694,0.24613155014871368,0.23773622771836644,0.22854720545924012,0.22429790482016865,0.22302188146670443,0.2269166981420565,0.2363003918783576,0.24820142159241732,0.26143456718311897,0.27687695655445843,0.29259992717100014,0.3069105520730828,0.32111308523395377,0.3346252460828246,0.3443342378587917,0.35036651612430525,0.3565147387689722,0.360025616431369,0.3587623324655068,0.3545384709796634,0.3501520441836259
6.628140703517587,0.3014424955890703,0.2985536720467957,0.29398349818569836,0.29037700096413976,0.2889161076574027,0.2871299951798123,0.2851708675243976,0.2859448230424876,0.28769958587500777,0.2888142441551923,0.28954429607133636,0.29234942299814337,0.29545399846193143,0.29768319458634274,0.29910086420000415,0.30073050711415994,0.3031241122519177,0.30397264076621866,0.3020444100595364,0.30123758172366766,0.29779449667073377,0.2923185156539232,0.2876637875592174,0.2819558118803668,0.27333932923271,0.2651831390023378,0.2564781976063919,0.24669254787895,0.23815565732066868,0.22875136588510125,0.22431513458998942,0.2230454440254458,0.2271485745847437,0.23696085494395414,0.2491193462721759,0.2628108269107978,0.27884958460729525,0.2947972106466651,0.30922197220052405,0.3238743686736476,0.3370621824306189,0.34600811707987156,0.3520039763080359,0.35788117120057406,0.3601324593956641,0.3573442281814754,0.35326410138213116,0.34785432854635423,0.3394158883399605,0.32790276474288627
6.698492462311558,0.29724530567713403,0.29225113589475027,0.2899746102128491,0.28815118225202085,0.2864750653011683,0.2849284504940962,0.28693222699198595,0.28807176491154773,0.28922482724710064,0.29082801285159976,0.29394155187657,0.29698615891094127,0.2984475800439448,0.3003186793289133,0.30219101864796327,0.30402974539928274,0.3028117816279924,0.3015974505144907,0.29920207070341476,0.2940645951989327,0.288625256688253,0.28358450250999834,0.2754105946662264,0.26666085923468075,0.25827231277895524,0.2480514084626555,0.23935858409263866,0.22977894259558673,0.22466042325859248,0.22296591468901084,0.22682761519972716,0.23661782431446976,0.2490193734966597,0.2629834549137402,0.27938810349631193,0.29563808983384143,0.3102618843396391,0.3252797908832068,0.3383677326429172,0.34692486430337865,0.35303313851541296,0.3586864262877134,0.3599889022558924,0.35631038021461237,0.3521900208117532,0.34594682639811625,0.3362333680496421,0.3244246457813582,0.31227430917704235,0.2978973321924443
6.768844221105527,0.2911347403987796,0.2895140535066578,0.2877001629212539,0.28586136582449906,0.2855173838726286,0.2875241940068429,0.28867507704508144,0.28945770195718246,0.2921773708477917,0.29542500590950116,0.29771931376781713,0.29931440423096856,0.30084959563247327,0.3034159852153715,0.30376809888947354,0.3017762668451037,0.30060647995522594,0.29612860951475184,0.28996696996083826,0.28562670387386935,0.2782486731952317,0.26898675973693653,0.26073802476412,0.25032498575316464,0.24127844316570535,0.2317567023667999,0.22530225548141503,0.2228331919735448,0.22593407270794952,0.235297107613742,0.24787711199962004,0.2619318302727851,0.2785074673005439,0.29512566848038935,0.31009905566925133,0.32541214714120625,0.338693257426666,0.34724300624381566,0.3535085212689345,0.3590272395043619,0.35983098295000526,0.35574799891077835,0.3514495110131285,0.34449940337140217,0.33379284968575984,0.3218441691128202,0.3090502120669225,0.29388796918551396,0.27807354468951395,0.2662009031763086
6.839195979899498,0.28912639588599764,0.2872186059784313,0.28511859146044405,0.2861505023358413,0.2878198748233842,0.28893493097948286,0.2902609688157376,0.2934582738147664,0.2966626200937885,0.2983238816791791,0.3002599087077834,0.3021810528200771,0.3040425512995901,0.3025578034042542,0.3014972134094551,0.29844612707793106,0.29277781784510537,0.28769625971758916,0.28154628477375143,0.2722477048353471,0.2637697955472377,0.25387611446543246,0.24407535001995107,0.23464825076442075,0.22624388892867175,0.22295530347269243,0.2245834714233922,0.23299492449696158,0.2456161430975481,0.2596186430305597,0.2761382259068874,0.29322586194624556,0.3086961754667866,0.32426463347829326,0.33807229639353076,0.3470216038933511,0.353412019548333,0.3590489555757861,0.35977908878512455,0.3555478294147645,0.35108724205940756,0.3437450559247799,0.3324017840461104,0.3202331609791258,0.30682835211267157,0.29114487426368685,0.27567490148396145,0.2641558768273311,0.25737846106713347,0.2549526844842488
6.909547738693467,0.2868246535358223,0.28488949039035194,0.2867354462219813,0.28804306375695155,0.2892598992657238,0.29105256070932484,0.29443517864055846,0.29739744509001,0.2987827308707929,0.30067801949746564,0.30318541637029317,0.30386958751884396,0.30182249196081967,0.3006003182831427,0.2958876138381934,0.28953410222796316,0.2848531502760734,0.2766449511668828,0.2672015297505488,0.2583282712396411,0.24754379992719544,0.2382601891674404,0.22819681764559507,0.22378073105510543,0.22342296434996523,0.22983368369065404,0.2421179960193257,0.255867305899255,0.27215519736367344,0.2898308297609058,0.3059511529174219,0.32172329363683727,0.3363969696324952,0.34619894804692397,0.3527256552831004,0.35875763175178355,0.35988475334060244,0.3557068137244419,0.35117821227821666,0.34370849435277573,0.33208281356281644,0.3196795864351569,0.3058078159610388,0.2897130000500985,0.27434565702421065,0.26299575354075366,0.2566353941744426,0.2553386342252395,0.2626126915232869,0.27386038405936475
6.9798994974874375,0.2849447492053664,0.28711301607110706,0.28835787632463805,0.28939720213345654,0.29190209611934936,0.29536832606208896,0.29777381826109295,0.2995955288493073,0.3012477575343824,0.3038523386941301,0.3031473831484369,0.3016139060300661,0.2990094890569792,0.29325595330447385,0.2878373129553795,0.2814788279827469,0.271799106657996,0.26299416230961226,0.252400931978082,0.24243029881275135,0.23242875417600484,0.22530856339422178,0.22288248606794392,0.2267556369959871,0.23749326386659986,0.2510186599776547,0.2667506204405451,0.2849431648591212,0.30184956945190367,0.3176860254118735,0.33346975497437603,0.34461955767916197,0.3514647987993125,0.35800596087150716,0.3600511899570349,0.35622685206648996,0.3517029547406295,0.34440554124926603,0.3328586965413465,0.3201567767998966,0.3060920499632569,0.2896714707667791,0.27405122517315417,0.2626013765097698,0.2563192086513738,0.2556753084218357,0.2636347084549273,0.2753451154637161,0.2878268979471328,0.30241850357751787
7.050251256281407,0.2873583763063189,0.2886149737566037,0.28947838253924474,0.2926106725855948,0.29615380192130547,0.29812435279909955,0.3001608763681747,0.3021830997950573,0.304056658340625,0.3022503075957026,0.3012399514319244,0.297125056778233,0.2906724977514744,0.2857851481373126,0.2777117106688718,0.26776751887600714,0.2585867036673669,0.24739477343567828,0.23771185547090556,0.22752598022827397,0.22330786212564768,0.22397363054118724,0.23234948669861621,0.24566111263960866,0.26059772758786337,0.2783674322751466,0.29633919740068115,0.31236143455638843,0.3290847040439979,0.3420199657204681,0.34955824930244117,0.35666738153429667,0.36015745707577296,0.3572456619665878,0.35261985106397453,0.3458288657176084,0.3347451990388144,0.32172330280263617,0.30768412504800136,0.2910446410051508,0.2748284776747919,0.26296568783146745,0.2564169893613987,0.2556804606686318,0.2638530793794792,0.27587824701679375,0.28867451787631615,0.30361622387932163,0.3176429466027314,0.32966219282013043
7.1206030150753765,0.2887511724263351,0.2897193789887418,0.29312312518414596,0.2966131969770248,0.29841739646184884,0.30043459767323144,0.3028163769692871,0.3039688673478991,0.30186376911523416,0.3005471349283939,0.29543071312728064,0.2889942159703526,0.2834633982316823,0.2739957134407799,0.2645482861472659,0.2540040180011893,0.2434037820481737,0.23306506491148382,0.22536937715671568,0.22290652791953702,0.2272074013099874,0.23881026295534935,0.2531001155991067,0.2701008069637132,0.28893993099184256,0.30610585496104326,0.3228922294533447,0.3380285629965327,0.34752934869744645,0.3545318143186159,0.3597442664643331,0.35869883382142886,0.35385080929878243,0.34777070231747387,0.33761584366853614,0.3243199048248452,0.3104384753189142,0.29379055757406947,0.2766621205637444,0.26411749814929997,0.2569427939319404,0.25534592378542276,0.26322648009346183,0.2753589010060572,0.2883887304588574,0.3036213469267457,0.3179067382100209,0.3301111242390957,0.3384473234548345,0.34106746529836185
7.190954773869347,0.28991740766077323,0.2934288097316453,0.29691427081658717,0.29860693284540174,0.3005957763917102,0.30320211927173024,0.30374820918112766,0.301657913804279,0.29966462112197045,0.29384545883371227,0.28795373529020707,0.28118261306806813,0.2709413032212936,0.2615285918589756,0.24989054494268526,0.23979866153069695,0.22883596372316473,0.22376295788904177,0.22367349775661294,0.2317765305667968,0.24555190506834212,0.26110291048399914,0.27967829185191684,0.298246817434739,0.31487429576441506,0.33200658452086196,0.3442346208747723,0.35159491147085353,0.35840568955928953,0.3598808056853693,0.355319618296428,0.35015546919799123,0.34123546023157325,0.32790851107831176,0.31423712099450585,0.2979041271922034,0.27981472088049486,0.26620512828815146,0.25788297562285034,0.2549524761195674,0.26186793015738175,0.27385795830994875,0.28700364827714153,0.30241632571039667,0.31711467135442883,0.3296610488360292,0.33833728408979025,0.34106749372913525,0.33967633193617763,0.3328670247539528
7.261306532663316,0.2935496944623087,0.29705755706653525,0.29869947842001354,0.3007086081933694,0.3034449651236544,0.3034563816998961,0.30162667934690024,0.2988348697075678,0.2924546522860555,0.286891136051865,0.2789667245486369,0.268374763609436,0.25865742366660804,0.24686606750992124,0.23651343538334557,0.22650389556472872,0.2228705700957797,0.22576696263378815,0.2367397986038754,0.25133287296685536,0.2686334643567343,0.28825026982489366,0.3061345988024613,0.3236021664975146,0.33902227897722814,0.3482926136676071,0.3556861604777909,0.36010456659765333,0.35742463765959187,0.35248596447781155,0.345040846083831,0.3327217986828952,0.3189734841845473,0.3032570781420767,0.2851119980227955,0.26963203827810633,0.259402330333127,0.2547978317844224,0.2598868904738403,0.2713194632092054,0.28455818882859096,0.3000515189494659,0.3152145757263747,0.3282418949829452,0.33774292331502664,0.3410158157449673,0.33988964050310844,0.3332288735002884,0.32211506762217534,0.30607865275696855
7.331658291457287,0.29707508487665146,0.29873393459190756,0.30076130746753205,0.3035942284255807,0.30323904420203207,0.3015788708554632,0.2981451586064767,0.29136701231455975,0.2858884693250885,0.2770401466983039,0.2664873821698386,0.25601411820815456,0.2444630225740848,0.23359067629323127,0.22531940076997814,0.22297453062831574,0.22839282818672957,0.24166770146316985,0.2573736175290029,0.2761533151519645,0.295668271777638,0.31303755140853995,0.3309788388577739,0.3439708503720019,0.3516885865541284,0.35865415995583727,0.35967901859992946,0.35470774771398084,0.3488737366643464,0.33868284091514345,0.3246380993170863,0.3098929321245394,0.29211092996364174,0.2745710612202449,0.2620046408493715,0.2556033329617122,0.2573348724865855,0.2677820681226898,0.28133305863744373,0.2963137161720575,0.3121110243052063,0.32583377790490853,0.3364999156650468,0.34083544006702304,0.34030678352853916,0.334271939400955,0.32340701662076354,0.3074843152925374,0.2878281131747069,0.26721969483867103
7.402010050251256,0.29870558738107555,0.300759636948581,0.30363532493824397,0.3031359943009875,0.30152183833626334,0.29769422466846307,0.2906364791143561,0.28509187404920855,0.27556103205807714,0.26511975230017937,0.2538230131274084,0.2424177709437203,0.23106047885591185,0.22432548164565558,0.2234135632549843,0.23145816177274636,0.24604719447121903,0.2626133093828529,0.2826389604327123,0.3018207998491216,0.31976844086152933,0.3367674466011429,0.34740951341632076,0.3549838518968359,0.3600337199489968,0.3575158578213291,0.3523602955318318,0.34444909447796457,0.3312715969198532,0.3169665726569676,0.3001524085211912,0.2810203163389502,0.26635539084324145,0.25763145295934486,0.25518756999682224,0.26355128204443057,0.2768478546674762,0.29127683413261374,0.3076915915890013,0.3223418857140701,0.3343514744869859,0.34042817949641946,0.34078066343624036,0.3359375828720168,0.32559353361569876,0.31020672240696956,0.29059407536125337,0.26963914092422425,0.24807686106817128,0.2260870696510695
7.472361809045226,0.30070169045340933,0.30356471291999587,0.30316532551141107,0.3015110746988783,0.297514849893891,0.29028415793526907,0.28459692141504256,0.274569746027608,0.26412757525747066,0.25221975139632336,0.24089480648786243,0.2291569589833764,0.22358469795508396,0.22415739711883986,0.2343379403672745,0.24954095262205045,0.2674205892001913,0.2881923802343551,0.30708546889315724,0.3255833152874993,0.3410749138748195,0.3497808326167915,0.3575550078054608,0.3599904926485131,0.35529643939705924,0.34953451071988906,0.33924863123979265,0.3247031318397884,0.30933827458265006,0.29075285061550593,0.2729637499164458,0.26062152386135096,0.25495624734868927,0.2593226107936082,0.27131358121256266,0.2853680931829117,0.30186615024557695,0.31768847872754824,0.3310340164285104,0.33938421018773957,0.3410983048125942,0.3379149542029467,0.32850228575409257,0.31420701542469376,0.29481712749253863,0.27356945680142397,0.2518765309640707,0.22938885076748416,0.21031651888199632,0.20758537818767386
7.542713567839196,0.30338486856054003,0.30332068303827875,0.30155294084937456,0.2976333388657225,0.29027787769299074,0.28444061518941544,0.2741141519904712,0.2635678532452145,0.25120014880903896,0.2398923873382406,0.2280512580845092,0.22312204267467317,0.22522181419334641,0.23675563158963986,0.2525634967196301,0.2717687735897002,0.2927531958674334,0.31139525479953734,0.33035050966467217,0.344167457147746,0.35229837896346416,0.35922228442907744,0.3589626964582193,0.35355567139129673,0.34626725962732585,0.33345189074027193,0.31857814543067886,0.3013903685535745,0.2815936917395435,0.26626200913456044,0.25738062467673106,0.2555066080244288,0.26500996674111943,0.2791601534382212,0.29459872471101833,0.31142451424813966,0.325995594753027,0.3370325092635036,0.3409953543965718,0.3396854248334713,0.33196200418135413,0.3190952962643876,0.3004768782091226,0.27888363393019433,0.25722698827802215,0.23444745047348747,0.21334132930259753,0.20694679113932413,0.21766788680206461,0.23852943482557154
7.613065326633166,0.3035901799509162,0.30161356835393915,0.2980379156105557,0.29062090244428107,0.28464629414311426,0.27419606745056946,0.2634468987821811,0.2507933987239811,0.23933467310024903,0.22750290680558227,0.22296124651786875,0.22604177046098184,0.23858961993748906,0.2551773355783121,0.27529355321421667,0.296331465543213,0.31508784307083004,0.333959361513126,0.346394123127036,0.3544223585834321,0.36000946676194046,0.3572683516992612,0.3517832942759337,0.3428014460638913,0.3281921807014694,0.3127776338441043,0.294030723510716,0.2749351041980762,0.26145191781091637,0.25514369329065756,0.25914681060647404,0.2715861982578043,0.2862401263652523,0.303439553418147,0.3196074921877854,0.3329351238105749,0.340187130454389,0.3408330550653872,0.33571284172727134,0.3245230222785167,0.30763772573045456,0.2863615705465752,0.26404525322691175,0.24112398423331105,0.21846507011795835,0.20661658906194713,0.213677492839228,0.23346611898537395,0.2581099342055584,0.28433249262812554
7.683417085427136,0.30164862520320557,0.2986957436062705,0.29135593333712917,0.28519457691503103,0.2748250505056262,0.26378161718804294,0.2509804412612813,0.23928155610420077,0.22732834830574422,0.2228895256030532,0.22654145870640785,0.23983117716042957,0.25708916767418577,0.27779471419779433,0.29895778593609545,0.31816320303735623,0.3366712312736172,0.3479105006727634,0.3560927135231191,0.36013429507843964,0.3558393956186775,0.3499179312268492,0.33911883506216334,0.32371663777801407,0.30715350387351315,0.28710690640512215,0.2694158162078706,0.25852854966504935,0.2549988627595736,0.2635570882701741,0.27798635247637615,0.29386037281912414,0.31135195187924125,0.3264448637661569,0.33756841546692606,0.34107459404592355,0.33902320716872747,0.33000004199430744,0.31546513025693823,0.29515107855898404,0.27271715479996594,0.2496277978985051,0.2259210862932577,0.2079741710138342,0.20973773755592373,0.22714744924977404,0.2510355099217785,0.2777017699968306,0.30405922053283807,0.32805672264628205
7.7537688442211055,0.29953677185196503,0.292468583304739,0.2860523969119977,0.27599827886536277,0.2645627146888274,0.25179084430043386,0.23974567311522188,0.22748827701175256,0.22289243033522865,0.2266750029690825,0.24043583613722008,0.25811426061249665,0.2793259871748288,0.3006870685837101,0.3203779178049746,0.3385382836592614,0.3488816602668946,0.3572581535558532,0.35994974028754867,0.3547575253394254,0.34800780123952546,0.335575886059406,0.31976535614881163,0.30180068218809064,0.2809288857721022,0.2651515406636713,0.2564868713534769,0.2568446860419755,0.2685191845426397,0.2835827080455048,0.30106958612845514,0.31808382257209444,0.3322138966041702,0.34009813990635385,0.3408177916178363,0.3352910320204082,0.3233606834223317,0.30520788890154915,0.28269241215506047,0.2597004989079559,0.23576260388634107,0.2133533170183909,0.20706085433803467,0.21965205045901848,0.24249217599532336,0.2690984317173608,0.29631511356409446,0.32138144177118444,0.343684820002785,0.35964260449782626
7.824120603015075,0.2939112923641247,0.2871045928366298,0.2776899590631301,0.26577452627985254,0.2532223410710952,0.24067893265160223,0.22802842207320462,0.2229735533036341,0.22644352805827617,0.24027518098063094,0.2582957515761499,0.27992768593057105,0.3015588776501309,0.3217123489554252,0.33969869811449627,0.34965210845424566,0.35804431310273976,0.3596097139551381,0.35398601496610116,0.3463572182593402,0.33240994888983355,0.3163473487573609,0.2972875612411434,0.2765897690625756,0.26204412792361387,0.2551294169962768,0.25976800248966414,0.2732782188557392,0.28901480924497014,0.3073535634346378,0.3236154437532647,0.3362484053082143,0.340974265363305,0.339461453235678,0.33058268029497806,0.3157093299352268,0.2946556194078198,0.27137634509993935,0.2473115197190292,0.22289202043720668,0.20686943930750412,0.21225724805027368,0.23254187592689257,0.258512885307042,0.28622697117686746,0.31276759057891,0.3367781280014108,0.3555370018081131,0.3667374844310871,0.3694366624358397
7.894472361809045,0.28820516413896025,0.2797800917773897,0.26743456844717606,0.2552706928169859,0.24214122251233228,0.2291411745232942,0.22316369622979693,0.22582976985712733,0.2393570534231898,0.2576304504010316,0.2795881720053677,0.301615248647513,0.322151522428779,0.34023670369767445,0.35016683729164466,0.3585116263179069,0.3592407503227,0.3533620187969455,0.3449353808679496,0.3300170674441427,0.3135477395103454,0.29344815033654414,0.2733126446253209,0.259935890808187,0.25478085257585037,0.26258139236083433,0.27758742911833933,0.29440662848378074,0.3127648086964573,0.32839619802150566,0.3388907612668153,0.34108441103641085,0.33692994878921234,0.3254327280741508,0.3074841509141091,0.28444478176285015,0.2605087261236658,0.23574300926207425,0.21269075116549563,0.207326630302326,0.22188637543411405,0.2461436369588479,0.27410248109552326,0.3020871877432112,0.3275225190237705,0.34930400968994935,0.3634676569700439,0.36973078436407536,0.36711957928383754,0.3558931054580202
7.964824120603015,0.2821678379641325,0.26982293847357985,0.2579117145417974,0.24418724668573188,0.2310986133906292,0.22368725540446066,0.22491451566243748,0.23785633864631162,0.2560727107169818,0.2783052907232666,0.30084889675764626,0.32170588957487767,0.34019479528102525,0.3503040474078445,0.3586970374800327,0.3589888835515752,0.35295424068549,0.34396206647003513,0.32832902479573334,0.31132517531710047,0.2904268485374789,0.2706795550540003,0.25857308874502816,0.2551753555559809,0.26539224862220223,0.2812154785763903,0.299124335637442,0.3172446062106862,0.3322335037300048,0.34028086366791044,0.34058434295061457,0.33361908926893347,0.31986936107220165,0.2991245768908195,0.2751739877752829,0.25052914645004365,0.22505679000438472,0.20713763199832802,0.21195378934056297,0.23292396687848615,0.2599183538337798,0.288703865095146,0.31589537486160224,0.34023649776122633,0.35820076315563276,0.3682303908658534,0.36890314983583194,0.361112408723244,0.34395110191812006,0.31812947553845405
8.035175879396984,0.2727099530034115,0.2608389994833027,0.2466290310495498,0.23373466438841484,0.224511392646072,0.22388933902768304,0.23569993184659954,0.2536457625182583,0.2760194415492896,0.29920271018197797,0.32034431977135736,0.3395630734895776,0.3500593544527293,0.3586490002245034,0.3589388954804301,0.3527891410342874,0.34342829729746105,0.32732890209204046,0.3098201049909871,0.28818692321568595,0.2687779195221349,0.25767216565152473,0.2559666489164395,0.2679120778941477,0.28406720320817314,0.30293067532019946,0.3208224922589332,0.3349398377451407,0.3408611566050167,0.3395769201941784,0.33023801526167196,0.3141450005595019,0.29151767540211426,0.2667650657650026,0.24120878787165534,0.21634457321724698,0.2069023033592533,0.21953599762682063,0.2441550543212746,0.27295926364783896,0.3019552041275908,0.3282810219215605,0.35052400418654717,0.364525041490557,0.36977758631093194,0.3658304754703412,0.3524800832900924,0.3296433200394865,0.2988936849718229,0.2631732592601149
8.105527638190955,0.26399667455494635,0.2497365035022373,0.23682250597446752,0.22554652486873605,0.22321905907890183,0.23294118800474461,0.2506935915519012,0.2726468438973815,0.296620441197316,0.31805986864015967,0.3382773818855098,0.34942835308115316,0.35835077941715965,0.3591082063122253,0.3528758016441196,0.34338113661680547,0.3269877462743548,0.3090542392214206,0.28687122473313864,0.26759486601544424,0.2570664068916144,0.25686821688050854,0.26994930127925965,0.2865155685910218,0.3060243943934783,0.3236151856404068,0.33689041631617844,0.3410894170108787,0.3381778029684095,0.32688644675745193,0.30855832746607126,0.2843736882747112,0.2591713684715955,0.23293786465071353,0.2100755015254987,0.20908308408994603,0.22807664154814944,0.2551867626788038,0.2848930269347355,0.3134003995108492,0.3389008311942212,0.3578727666772805,0.3682919609519588,0.368755597001704,0.3600518181972804,0.3413174858167918,0.31344071157650844,0.27871983624578633,0.24299221378710323,0.21598893937218566
8.175879396984925,0.2540620421645463,0.2402929492994752,0.2269922397721551,0.22285301180959338,0.22968425651451208,0.2472637209594678,0.2683199604505675,0.29300668456479606,0.3148530518943795,0.3362170208189126,0.34862153929890605,0.3577347116036388,0.3594450820441235,0.35321292986860797,0.34383005869053496,0.32729090775173764,0.3090793539616441,0.2864844843483465,0.2670731747160462,0.2566995117016726,0.2575257138067164,0.27132651694007137,0.2883770168362465,0.3083603919635892,0.3258111534538707,0.338191574111004,0.3411053374188575,0.33657122775946813,0.32376891021395704,0.30338685847013325,0.2781593666403718,0.2524965431733872,0.22560869257193739,0.20697840501864984,0.21329518399309033,0.23646670083098342,0.2654520368651263,0.2957543046580122,0.3235652027701653,0.34762365200684675,0.3633010602838692,0.36977954753828535,0.3662014901803716,0.352631505682633,0.3289156251674661,0.29679039689852593,0.25978553346077315,0.2261638937582734,0.21121976316752122,0.2246097167716452
8.246231155778894,0.24422179067645056,0.23014177913616551,0.22311857622515185,0.22678262499441515,0.2429742833720545,0.2633315570247554,0.2883102971767274,0.31100780405296047,0.3332310697070725,0.347452198081732,0.35676231137494263,0.3598272489111205,0.35379793738118215,0.3447402593403366,0.32826595551140936,0.30990261893863813,0.28704828524763026,0.26716346985647843,0.2566220758211588,0.25780647939422074,0.27209141425958183,0.2896204237988995,0.30991938070787173,0.3273599113812351,0.33901148946585613,0.34096213812525733,0.3350346131018853,0.3209265430324386,0.2988815036280277,0.2732232830245268,0.24655624087875572,0.21969167864777117,0.20672300098639462,0.21860538969712584,0.24434224445453911,0.27470086284540773,0.3050470943169592,0.3323880274150267,0.3542992566164368,0.36694266248142604,0.3691944524064936,0.361789789602981,0.34356427548740864,0.31542164774078985,0.27971440144352777,0.24272150083576316,0.215260666447179,0.2158108575270825,0.23664213623361263,0.26065974994794694
8.316582914572864,0.2349066270618606,0.22458620302889964,0.2241932236158226,0.23782636629912535,0.2579449166821688,0.2824939019783823,0.30637911167344134,0.32920492218258146,0.3456421446202247,0.3553196240097084,0.3600807603862981,0.3545273786690437,0.3461329234945302,0.32995838737571903,0.3114913676947988,0.28856880360660375,0.26789836484534835,0.2568187966502493,0.2577039556559977,0.27220815762588324,0.29011058682121604,0.31071419075551754,0.328275853678181,0.33947414258552844,0.34081755162469374,0.3337871468983793,0.3185648640442087,0.29534730169818235,0.26904386425277116,0.24169075368009008,0.21523677639489502,0.20722806611222244,0.22393102406349108,0.2515663791581273,0.2828406888568338,0.3129610153634078,0.33973807893604213,0.35908492943741543,0.3690303694269286,0.36790997588680663,0.3563782420089606,0.3339239696650047,0.3019464799098739,0.26389842118202456,0.22835467437490498,0.2111625071359815,0.22440623795384007,0.24826891665884254,0.272301360472025,0.2921447857474364
8.386934673366834,0.22644229550830608,0.2230409311529573,0.23257831495291292,0.25155466227152945,0.2755998442528329,0.30072474169256436,0.3239076007252236,0.34293934213909427,0.3533055714240887,0.3601225469027185,0.3555822478517099,0.34780078052763486,0.3324044053203181,0.31382651749336854,0.2910243711320579,0.2693185802337962,0.2573074799284094,0.2572127761360481,0.27165704920094547,0.2898091363884414,0.31076291084439234,0.32859100079855164,0.33967324774165886,0.34069986367328076,0.3329446576637587,0.3168398072854679,0.29269717012060004,0.2657175597917518,0.23786099918504133,0.21195081350753875,0.20860957033021177,0.22866717416054616,0.25800083923069206,0.28987744222586675,0.3197320371016723,0.34568708267944537,0.362842468479732,0.369785493883088,0.3656152205347445,0.3503448959540625,0.3239086798696774,0.28869679258278025,0.24981374317365235,0.21837612286805563,0.21402654026369694,0.23435382004397587,0.259214737151791,0.2819986380268912,0.299906627157841,0.31385862644738793
8.457286432160803,0.22305558055559405,0.22752558374645793,0.2453818986928462,0.2675129483731171,0.2938827913217329,0.3173418685185304,0.3391754240340302,0.35085420928299715,0.3595222915635484,0.3569631128010139,0.3497662005259218,0.3356886839718829,0.3167997247533034,0.29432856257131634,0.27154486925834864,0.258040456821926,0.2563507921073285,0.27047912781298156,0.28872317640560574,0.3100599877042398,0.3282895223319994,0.33966542608852923,0.34066194091091595,0.3325427932638396,0.3158148952485901,0.29096670223986476,0.26340264086162457,0.23508439424865868,0.2099563183244062,0.21009895481008722,0.23265384221383556,0.26325461700559005,0.2956975865132312,0.32538033722119497,0.3503990156643151,0.3655050085934817,0.3694085068623879,0.36255403475469283,0.34375098910228763,0.31396569921173056,0.2760276557442446,0.23749789698526103,0.21245497342204978,0.220104607580638,0.2438197592786171,0.2689258570089125,0.2901228459408247,0.30640733124024777,0.3186700596713691,0.32678515717379664
8.527638190954773,0.22398911522114417,0.23815491764650432,0.2595030131259033,0.2856178361970907,0.3101778671704041,0.3337897465501478,0.34828782144144665,0.3580509689821898,0.35874984880814775,0.351734150686856,0.3393954816710242,0.32042891678211394,0.29850340544596776,0.2745181649143563,0.25919837646477206,0.25545401359905806,0.26860723183070956,0.28695832742115035,0.3085658241434399,0.3273735305942239,0.33944569814917425,0.340715746033628,0.33260819919758866,0.31556932627242795,0.2902087472432764,0.2621467362713883,0.23329552138990828,0.20880027559395686,0.21147852634098196,0.2358577766850084,0.26744467207742595,0.3002355487795596,0.32989400893636867,0.35383349045749224,0.3672669393013883,0.3689229340276624,0.35927023885642695,0.33740216124268885,0.3047526406325821,0.2649742825692363,0.22767349688303828,0.21132069136307474,0.22719328745856027,0.2526776368694621,0.2771549036653205,0.29683894976866076,0.3119399165777499,0.32255387270907987,0.3288311389463585,0.32704102044685524
8.597989949748744,0.23111054585538182,0.2508578796865215,0.2760072956475367,0.30220399671642917,0.3266098563536586,0.3451078619073049,0.35552823101343756,0.35995290344404385,0.3536016530601118,0.34324775758306103,0.3247090864452248,0.3034648188725555,0.2782315688893411,0.2608464014031878,0.2548852228943168,0.2661332738029699,0.2845397995687946,0.3062610932445451,0.32579652640120793,0.33894525497619,0.3408469070796254,0.33314803941811344,0.31611719716573605,0.29044559630816913,0.2619245042745304,0.2325712169915617,0.20825475337789334,0.21249378601912927,0.23804842044228058,0.27046199487299505,0.3035868907009063,0.3333063890987821,0.3563041890558979,0.368380249201372,0.36817107973694396,0.35608726328421225,0.33152532255046663,0.29638037310137577,0.25555003119677855,0.2205637189516363,0.21347595745770365,0.2344291239909384,0.26052421675747217,0.2841037376828994,0.3023591904034697,0.31617386278030235,0.32543967488863423,0.32898690870266534,0.32511388204865144,0.3170954226175393
8.668341708542712,0.24258824550307478,0.2652971968417903,0.2929441694335604,0.3176660663770523,0.34021397543283305,0.35206983297384675,0.3600401163214917,0.3554810266359538,0.3468928569514107,0.32958749712725377,0.3092821902678725,0.2836485764221164,0.26373035543670176,0.25488037856354495,0.2632678100560488,0.28168284201355864,0.3031301600021409,0.3235277125003272,0.33806006331784777,0.3410006137858965,0.3341243990236529,0.3174411088860839,0.2916832725557912,0.26273784065882544,0.23292748928644147,0.20819758703027136,0.21287796745049326,0.23918839313571905,0.2722636061663448,0.30576025214015146,0.3356926447323595,0.3579594741354106,0.3690664506443221,0.36735043976858495,0.3532110917075906,0.32624815272308905,0.2889373213249349,0.24749952174212875,0.21577999305354412,0.2168975507165416,0.24083957470196538,0.267316204021394,0.28982610273954923,0.3069071268438187,0.3195024458652904,0.32760525394823525,0.327951977111413,0.3221205961619492,0.3141120070464579,0.3074129116376061
8.738693467336685,0.25494579080275037,0.28184307251986596,0.3081452341475539,0.33299293858514345,0.3483840516417853,0.3585047694116432,0.35793202741883035,0.35033732271086504,0.33550327758085374,0.3152866404838248,0.2907513638989965,0.2676236442033252,0.25598851223731556,0.26035174080422285,0.2780266592680589,0.2992054892562913,0.3206061344979625,0.3366353950683246,0.34111719514606476,0.3355123304369796,0.3194683913809613,0.2939143309678368,0.2646254680806843,0.23437667620230163,0.20860883012276143,0.21260115543507718,0.2392341802507545,0.27286328848654007,0.3068278199136645,0.33705652471285263,0.35899137163738537,0.36942226742027706,0.3665606460939672,0.3507470598439625,0.32178578573653316,0.28264373737288206,0.24108984537965927,0.21281961622033463,0.22088119548153373,0.24654555977746062,0.2730695318426761,0.29454671170099656,0.31081784454474437,0.3222478567830185,0.3288670412918324,0.32684307155656656,0.31940164819268313,0.31127705455949584,0.30608942146116,0.3103616432191644
8.809045226130653,0.2693295597937393,0.29767306329511756,0.3232331136896711,0.34393031860759526,0.3551153405315295,0.3599315768447624,0.3531746110004932,0.34156935181095816,0.32163798742850436,0.29838452583971975,0.273112177676611,0.258022075290685,0.25724610533321357,0.2735351498308032,0.2942675291445611,0.3167865223813604,0.33446402957812493,0.34105761161105264,0.33715494096128185,0.3221358261057645,0.2970863539383699,0.2676239436647636,0.23688715446065078,0.20962181718862638,0.21167481229416873,0.23817086474917448,0.27226084032555886,0.3067834711737567,0.3374570386957487,0.35948929620972414,0.36957453293761877,0.36595777702500654,0.34888855636690486,0.3184049946778217,0.2778255924832522,0.23597318497949926,0.21143695117889383,0.2244746682838895,0.25139730448862685,0.27753393116443725,0.29819123235156964,0.31381014511848826,0.3242753819596531,0.32914471780011434,0.3254732551944046,0.31711179142445367,0.30908883760743744,0.3057693787210687,0.31453724843288233,0.3284525752225911
8.879396984924623,0.28521291689547545,0.3116922258066013,0.3368244110517111,0.35051303400124567,0.35978445796710967,0.3557545359010853,0.34677665506689537,0.3284366631143333,0.30670569675503423,0.2796617127106388,0.2608351025108526,0.2550610888629268,0.26851843886208826,0.28855322926025706,0.3119496487625454,0.33141873477917316,0.3407147827083733,0.3387773866020598,0.32523704543989296,0.3012594360936881,0.2716080911045633,0.24046282223350157,0.2114252484991631,0.21029269033078668,0.23602263025858417,0.27042933609492714,0.305614000637226,0.3369020341899338,0.3594237609538782,0.36960875085097866,0.3656644498717132,0.3477886950726199,0.31618942444327014,0.2744971820730726,0.23243463168753098,0.21116488038507164,0.2275760641858443,0.25530231064662035,0.2811954033103724,0.30121281005122413,0.3161391669422162,0.325892781589483,0.32869317119832453,0.3236170669221853,0.31505864968830355,0.30767644238340786,0.30693887268113673,0.3189256024804594,0.3320064197272352,0.34257179171922336
8.949748743718594,0.2999229106787973,0.32628875867319473,0.34594879095386566,0.35695975010008185,0.3589602684466271,0.351184951012966,0.33630181651851765,0.3150871263623216,0.2891642320493768,0.26576261615222974,0.25512618385663155,0.26323581064586943,0.28283210640246015,0.30601443209212387,0.3270675377970731,0.339898225604377,0.34008057930923064,0.32861472818714343,0.30643758961877143,0.2764659928620343,0.2452107654536233,0.21452810928576582,0.20878388318879848,0.2327958109354934,0.2673275196772027,0.3032986782571456,0.3353558806209034,0.35879045241933305,0.369541136471097,0.36573372855402697,0.34754484559088816,0.31522603831438933,0.27267514748543187,0.2304811792283119,0.21136464624615903,0.22993973697719183,0.2582220375093749,0.2839531994881248,0.3035575654602609,0.31790189250986256,0.3270580397244053,0.328052645473373,0.3217475711210789,0.31312532882170463,0.30686502965336326,0.308961991463518,0.3227603125652614,0.33465689504066143,0.3451867550618888,0.350733683024427
9.020100502512562,0.3131516455038781,0.33859369645831927,0.3519578102322005,0.3601447550695158,0.354431285419322,0.34371026149121175,0.32339431462674917,0.29936262536202873,0.2729077386179509,0.25755767152040066,0.25851633528871054,0.27660936483970744,0.29910583379897615,0.32172570616353124,0.33791247029115,0.34089385161595365,0.33217503336819143,0.3121157007439981,0.2824509476322681,0.2511353028931751,0.2189452279842563,0.20730561622140775,0.2287053871354241,0.2629765134632962,0.29972567642717063,0.3327277432237692,0.35759643215475434,0.3693375964643254,0.36616245677734827,0.3481871683539258,0.3155648064145591,0.27236458029689814,0.22970896899839477,0.21159836261864284,0.23143588196137177,0.26014556588743687,0.2858814733410663,0.30522523131630663,0.31920540547353626,0.3279089897763463,0.32731998263808526,0.32023392687391516,0.3115886485834728,0.3060309886458281,0.3112882461673908,0.3259968044843746,0.33769177537279005,0.34753782208409767,0.350242667386059,0.3392418599733824
9.090452261306533,0.32706643693965076,0.3466848010693261,0.3578035333654659,0.35798764581358156,0.3495306745674529,0.33219103398349636,0.3100063706115981,0.28186929210503575,0.26129697264100304,0.2551018968814933,0.26967926439231893,0.29106873240433995,0.31531892962914576,0.3343869686831227,0.34109931896702395,0.3357645581057036,0.31817178014693015,0.28983395546119795,0.2580279983878646,0.22494745703182784,0.2067404759238779,0.22377904350508804,0.25745875471039914,0.29487455444912025,0.32900450438212303,0.3556962548808238,0.3688700513878441,0.3668646800529982,0.34967071122456117,0.3172102380676005,0.27356114517442154,0.23008136452203254,0.21163115230569662,0.23201296726221443,0.2611585932622297,0.287058236527614,0.30631374983700355,0.32011361715647224,0.32842856805155096,0.32700377528250524,0.319151658977039,0.31039160220282436,0.3058454877747616,0.31366496063805593,0.32852407948793116,0.3401572946800193,0.3492370863079379,0.3488674345649312,0.33498626321943914,0.31407352495161256
9.160804020100503,0.3386231799040489,0.3523407127282929,0.3601492341177518,0.35378927541488236,0.3416042847642473,0.31999643215159557,0.29415017396077203,0.268193565891943,0.25556035559986023,0.26266693269028973,0.28306813566735123,0.3074392299272578,0.32907856577763406,0.34053711411043797,0.33883179806891484,0.3241778526292307,0.2977684481551184,0.26586579215112294,0.23256458146750414,0.20699899768364194,0.2182116708776929,0.25063538939544827,0.2885876169660966,0.32404729777573915,0.3528754932151712,0.3680192060606322,0.3677090116688483,0.35188357461214814,0.3201087421846748,0.2763146596784266,0.2316285950479544,0.21144827101789765,0.23165167131472852,0.2612389741897212,0.2874752884048044,0.3068819261090402,0.320666783538577,0.3286936431010308,0.32670269543725206,0.3183478667470081,0.30958054922788536,0.30576617209980084,0.31588608421719777,0.33055351331740646,0.34195798147583956,0.35015939425534404,0.34682541619185003,0.33087351657883024,0.3089377803809321,0.286991225143316
9.231155778894472,0.34636686720737453,0.35785334132322144,0.35764857006095974,0.3487003016221213,0.33002651135746075,0.3066233376074099,0.27775042067724565,0.2591509598587678,0.25693920151485394,0.27489719851293715,0.29828348670954763,0.32200364909271595,0.3384799374049259,0.34062091408023654,0.32978188634265726,0.30663748861188234,0.2748007551546714,0.2413335493358051,0.2104022683920571,0.21266132518997605,0.24295873810489876,0.28097644120654297,0.3178418205260274,0.3488988046707737,0.36663892420703337,0.3685474339894379,0.3546430008661794,0.32420039969792513,0.28065514498193234,0.23463994988089654,0.21119182112262358,0.23033987813158918,0.2603818515696631,0.2871451599568432,0.30689954194387603,0.32085080526180254,0.32880011217703076,0.3264793483558861,0.31780035922847616,0.30898546436428376,0.3060084806595246,0.3176271133525862,0.33193803283997125,0.34316057099401576,0.35057016307208233,0.3446517389426266,0.32712430840344053,0.30418473361204523,0.283269200294868,0.27334395984959914
9.301507537688442,0.3517072496627103,0.36015830508646474,0.3537159168084213,0.34084104669343074,0.31840605880365325,0.29118001265179816,0.2656054445596263,0.2548361740477392,0.2662253136898729,0.28803689269894983,0.31356866188371835,0.3339602531957797,0.34111072732915937,0.33493534072541986,0.31551205535252635,0.28474883897420034,0.2513651122704903,0.21737720026057705,0.20843569742649448,0.23442338691832232,0.2721167852134052,0.31033249966974974,0.3434549964479552,0.36443485361431394,0.36918608877961123,0.35779577562377596,0.3293443769992679,0.28659980084765957,0.2394305775350032,0.21130346669041322,0.22812057069835878,0.2585767748105222,0.2860431531092257,0.3063604665936601,0.3206704657199858,0.328798305146886,0.32640474847814394,0.31753124828820933,0.30870722834269404,0.3062680611574271,0.3188393118984,0.33287659358275823,0.34416787273905813,0.3507259673065761,0.34265449127978265,0.323751299311384,0.3000881365771598,0.28030603775271035,0.2728932227989328,0.284209374591732
9.371859296482413,0.357107154693723,0.35809480008294425,0.34889888005788317,0.32971179809396556,0.30535729341484896,0.276000711446063,0.25808695588300756,0.2587385815678057,0.27865589638989585,0.3032887958195134,0.32671397552111703,0.3402550722111075,0.33905228217452876,0.323795184031448,0.29578544086819036,0.26213911743318863,0.22717598271702144,0.20672498544869056,0.2254833135966472,0.26187277742680903,0.30147165485692906,0.3366124701562765,0.3610801839279363,0.36971572847614986,0.36122694689299284,0.33525234391587866,0.29393855838105876,0.2456474167618098,0.21235941064040575,0.2250725557349328,0.2557513287844886,0.2841506696018543,0.3052836323239523,0.3201130448944034,0.3286856242558598,0.32649309668698046,0.3175496067316226,0.30862378830091974,0.3064422952851735,0.3195065097369987,0.3334558644520851,0.344922931658314,0.35070387638505984,0.34108019407433865,0.32101508772994203,0.29692616210929823,0.2778588080312391,0.2733124296479429,0.2877911597705254,0.32662121633896013
9.442211055276381,0.3600401894745,0.354230846858812,0.34165182390617754,0.3186736045073908,0.2906092510226601,0.2647350089216003,0.2547837303568429,0.2685256835113565,0.2916456838497218,0.31755783873528964,0.3367461375600025,0.34091869390099805,0.3309444009511946,0.3073412041683188,0.27409997040382816,0.23900390597538146,0.20839717048250894,0.21652850094298604,0.25046790344622893,0.2908102479864344,0.32802575575193516,0.3566165533061876,0.36949189735336163,0.3646024956282893,0.341734970886161,0.3024089249878581,0.2535898398097999,0.21509603450974857,0.22143155180785956,0.25184068395593817,0.2813965072353811,0.3035987542359091,0.3191844728518751,0.3284061121665005,0.32672985384210207,0.31786023122537577,0.30874207740494486,0.3064185695706525,0.319681063017922,0.33372784361611063,0.3453840739210827,0.3506161023538791,0.339922438450144,0.3189001875316644,0.294625703275063,0.27623965028637176,0.2741771934475561,0.29152915171386495,0.33423448430044933,0.3758901683293101
9.512562814070352,0.3591422615414246,0.3501453971019899,0.33123899905991727,0.3064225648026371,0.2761486503595121,0.2578772945094212,0.25958404215508213,0.28051411320414654,0.3062590654707491,0.3296723101459694,0.3408161757068301,0.3369976201880087,0.3183376844101766,0.28701330270252257,0.2520830429676404,0.21665682653567142,0.20940367770820068,0.23854369635221628,0.2785000591292661,0.3177550141853961,0.35038888947484526,0.3677763882180398,0.3673461505177088,0.3486833603319066,0.3118681145490926,0.2631617860877331,0.21976556728416363,0.2172840720055944,0.24688730985200902,0.2776490802783316,0.3011908461700683,0.3178336745975402,0.32785233058381147,0.3270401447326422,0.3184582461547323,0.3090775611635692,0.3062102934510047,0.3193826193313216,0.33368003915378386,0.34549541668745243,0.3505605546021302,0.3392403289273429,0.3175233484160179,0.2929972985157654,0.2754582742520961,0.27505336473781805,0.2948855217548365,0.3403326015395063,0.38067228975105505,0.40403609308834554
9.582914572864322,0.355429624316973,0.343836040083242,0.3208301528161216,0.29250275330555175,0.2652940809976787,0.2547842687222116,0.26917200341822434,0.2932309177393291,0.319591754208164,0.33811530878986384,0.34047503868474893,0.32770654955477374,0.30064121840595726,0.26586909436487915,0.2293672345344786,0.20668137754512328,0.22640254868338427,0.2648577557225229,0.30593705155722506,0.34167801448098056,0.3644352061242584,0.3690066108000143,0.35525967282583626,0.32231361446345197,0.274574705802352,0.2269337181404123,0.21363509794560898,0.2409722644440585,0.2730085931215369,0.2980410860902992,0.3159740513725531,0.3269361342988497,0.3273902868634554,0.3193186613158532,0.3097275836034028,0.3059287185565428,0.31856355665967206,0.33331460054712814,0.3452720570537129,0.3505747822839982,0.33907918902193734,0.31690876393741263,0.292110406177731,0.2750879143263907,0.2757395261629544,0.29799862480748973,0.3449008788399761,0.3841557083154439,0.40578215265634576,0.4073230165215924
9.65326633165829,0.3520092459173664,0.3348271892708312,0.3097124727895164,0.2782420319451533,0.258407355260047,0.259173170968537,0.2806110685691757,0.3071720583757249,0.33093366940854274,0.3410104097190687,0.3353361110605234,0.3142406431902165,0.28040382061408664,0.24427231167695562,0.21025783803877507,0.21500025288275237,0.24999937687107054,0.2921583418554996,0.33071869864839387,0.3589467101827355,0.3697851818173423,0.3611745556263557,0.33302596991098077,0.2879127213021824,0.23715308394226797,0.21132057420311012,0.23421073252491786,0.26692861032175497,0.29416854569092843,0.3134971487122109,0.3256864196855568,0.3281822043247409,0.32049956776562416,0.3106387770120469,0.3057705851694391,0.3171801868046531,0.3326175524948828,0.34466818624086604,0.35064860831791234,0.33945106117972357,0.31707655769836585,0.29192245491156754,0.27494691506206925,0.2761928625004284,0.30017612122364534,0.3479728848258068,0.38661127520436867,0.4069094002378546,0.4068563153336322,0.3975124077705202
9.72361809045226,0.3470338691947614,0.3248615758424023,0.29684414227085854,0.26751446828000325,0.2548463547115245,0.26804369210498014,0.29268382777290736,0.3198214801240562,0.3385184673611572,0.34014457978142343,0.32575055518806506,0.2963850751234036,0.26023242356807463,0.22264432966897707,0.20760140172492392,0.23498692629296025,0.27636740829025563,0.31749368249089027,0.3513544458187966,0.3684673319772671,0.3660511133346478,0.3434258818577314,0.30211103319198396,0.250330440005494,0.21273087432082827,0.22653946293150662,0.25966681569947314,0.2890911255193165,0.3102168257825748,0.3239310068415887,0.32880220721833653,0.32216229961467713,0.3119566900752382,0.30586784355495267,0.31522594322316666,0.331537291725696,0.3438412989800501,0.3507282275474095,0.3403420829662629,0.3180343261977929,0.29243165912362323,0.27499105465763385,0.27629472977999836,0.3011114036324076,0.3496307256455986,0.3880877962411424,0.40757111430240756,0.40655698154343556,0.39583682661030506,0.37298140889888054
9.793969849246231,0.34000557557420186,0.3148451241139044,0.28305144816810546,0.2599024951415385,0.25761710885997247,0.2789232438168011,0.3059826985173648,0.3306632145764994,0.3410350626951242,0.33465560353031465,0.312042740675914,0.2768604806035231,0.23929697227148905,0.20742802626954515,0.22047574902270517,0.259236510228233,0.30242038488216516,0.3402279065463094,0.3644050987671329,0.3688324501208189,0.3532002059399779,0.31669187048796466,0.26561757405811615,0.21946518464111053,0.21900327654869467,0.2511489947517731,0.2828186568146063,0.3059471881038872,0.32162192648388266,0.3291570217030009,0.32418570735695884,0.3137289325307874,0.30626727019245137,0.3127956003006207,0.32985170380414375,0.3427274467208389,0.3506902535173472,0.341715436042205,0.31976996900914956,0.29367373827699994,0.2752355801277324,0.2759927244122209,0.3007728097209337,0.3499391724935488,0.3887000473181358,0.4078769814464207,0.40632837494800655,0.3946663782672679,0.37101161685168194,0.3464965347794412
9.864321608040202,0.33068571304690875,0.30345084120462673,0.27196703664995003,0.25564099857170486,0.2652806378210639,0.2899798040519189,0.3182335673495893,0.3381331561207608,0.34018334646033066,0.3252836507351371,0.29464691433907253,0.2573658191696182,0.2188648671822433,0.20944255475838336,0.24144891672367297,0.28478222447073387,0.3260485943582625,0.35729540067103294,0.36978229438375054,0.36111520988199164,0.3312422651909521,0.283070738696348,0.23100321383476374,0.21304318997173477,0.24145347716147414,0.27511938960802895,0.3008244988166031,0.31855154353636195,0.32859473172652653,0.3260178030390679,0.315761720127293,0.3071190306438569,0.31042744694948987,0.3275882831877345,0.3412988618980236,0.35043229625759165,0.34352782576527296,0.322245529849729,0.2956763703419597,0.27578184580214726,0.27539278935717726,0.29914599782174367,0.34887636157658797,0.3884555983783672,0.4079249181245833,0.40624038030170906,0.39397576202166085,0.3698138705131544,0.3450670494431526,0.338650359896001
9.93467336683417,0.3216237849920873,0.29116056136613144,0.26317116819560205,0.2555204520444396,0.2752345348620213,0.3026612561066866,0.32875817803915175,0.34093094611451347,0.3351293313812991,0.312082503006311,0.275894027517273,0.23714779594856217,0.2067992383306949,0.2244011814016431,0.2654479758071464,0.3093023811511082,0.3466219167075719,0.3673572349570837,0.3669317968527187,0.3445803024724168,0.30168218129468305,0.2476808599408431,0.21154069289516242,0.23099005751289836,0.2656434159351305,0.29461068639717913,0.3146930232478258,0.32682143068516645,0.32719559784058416,0.31805404906008805,0.3081772123240415,0.3079906455325059,0.3246321380471935,0.33908230435336617,0.3498137187519439,0.3457239052498293,0.32538620673126295,0.29845241909512144,0.2770078719868435,0.2746009026461004,0.29634973290723554,0.3464081425894392,0.38734089502046476,0.4077314918789803,0.4062779270877863,0.39386233740990684,0.3693158228698942,0.344396458235945,0.33896327969809836,0.36342355125957915
10.00502512562814,0.31211638214999726,0.2785820202410545,0.2578044446284362,0.26141144412587447,0.2854201216933021,0.3146531762038022,0.33675630435532466,0.340576062552882,0.3264242137545068,0.2954809539315004,0.25717430598060753,0.21773511892849196,0.21046484430593582,0.24509091884308143,0.2901173748494109,0.3316296577257444,0.36086187658286495,0.3693572124056368,0.3560434464232972,0.31996321164927755,0.26714140281981225,0.21904016221284217,0.22055128310450678,0.2546448493215103,0.2867313732070035,0.3095778877501014,0.32416679750765054,0.3285418878763442,0.3205986416745984,0.31008819649750696,0.3061220058753369,0.32076145153325575,0.33614721677671944,0.3484499401723513,0.34796996074599784,0.3291155066336007,0.3022520611549624,0.2791652650057129,0.2736365509228649,0.2929762422693829,0.3423885279658919,0.3852683647806918,0.4072254362114105,0.4064473775080566,0.3943406982845822,0.3695462745373035,0.34430763697559663,0.33913113896447156,0.36454434798811586,0.4006252159485304
10.075376884422111,0.30122860284749586,0.26907819148930523,0.25483095692070923,0.26993931507968527,0.2971465630047412,0.3250425114855542,0.3405555123181475,0.33667189540511666,0.3143924943900702,0.2775205758087589,0.23780323449547902,0.20676416322965752,0.22582850073764393,0.2685347595449715,0.31328210403778467,0.35040731022831406,0.368756050162071,0.36454512528363314,0.33706287568437276,0.28906860647710086,0.23393590766791283,0.21275817524697271,0.24215927389207637,0.27698526153278613,0.3031231342456103,0.3205430392522093,0.32913966077688916,0.32386623310939266,0.3127324135154451,0.30587149899069077,0.31647003143721375,0.33315885642561116,0.3462580336828136,0.3497654061044717,0.3332417893472692,0.3069573044165472,0.28202246458722624,0.27295094198597203,0.289283384398783,0.33678748042928586,0.3821314617381373,0.40625900095586176,0.40673741545687014,0.3953647930895916,0.37050090730572904,0.3447419330790926,0.3390467531621836,0.3647120216954941,0.4013143076727821,0.4340370007087969
10.14572864321608,0.289792286366525,0.2616038755629806,0.2569720744911089,0.27957961239514684,0.3088025920952421,0.3338764557082242,0.34100691348412004,0.3290490369367708,0.2989180217625915,0.2597174948479075,0.21905701277738665,0.21026994108711183,0.24584775990912489,0.29223467017463745,0.33446401158490524,0.3628495581819873,0.3689319662170213,0.3518438724329489,0.31090610586093304,0.2553995617835918,0.21289688337838808,0.22901355175712246,0.2650988342292031,0.29525705411787495,0.3157759356336928,0.3277499131549746,0.3265100808864735,0.3159855337408577,0.30699503084164004,0.3116670329264225,0.32987244172114094,0.3434847367630113,0.3506676929333208,0.3377242160125271,0.3122112165591855,0.28561245416647085,0.2730975906416446,0.28544515326997255,0.329453053340798,0.3776939734329132,0.40473562844616706,0.40710594619273244,0.39686058934850155,0.37222211378787484,0.34592579382594835,0.33876320709829955,0.36391124065432356,0.40097237638611993,0.43415265735261455,0.44674906700716766
10.21608040201005,0.2782893988754862,0.25726558828775226,0.2632191823312302,0.2892474191507386,0.3194142144382689,0.3393346411823873,0.3387688969697078,0.3186766682026938,0.28196465523034564,0.2413488760080882,0.20711880388560766,0.2246883574873122,0.26839087884038626,0.314327456028215,0.3519119503640582,0.36931324969522195,0.3626317894001896,0.3315920498418494,0.2795698816356178,0.22548166223356192,0.21687420470693874,0.25126163074605956,0.2852727060810375,0.30939260253775247,0.3245223348655826,0.3281906652174602,0.319361273137839,0.30870584284436153,0.30785185191203723,0.3253296880600467,0.34047013961312567,0.3504534848619141,0.3421891604649452,0.3181714878441527,0.2900907448944535,0.27399347720760325,0.28167588934697874,0.32068351942262874,0.37171744335797086,0.4023663217100357,0.40781355288335863,0.3989086112257545,0.3747012280551203,0.34784057804960034,0.33846784062931123,0.3621505971490985,0.3995878472637292,0.43357158276358665,0.4467446456930063,0.43881646759143567
10.28643216080402,0.2695378563352332,0.25479807095176166,0.2715876816249112,0.30048688932762335,0.3286655990259779,0.34104947207612546,0.3327799012427053,0.30506045884100486,0.2651054526223301,0.2231358700183078,0.20893909621038742,0.24363238072145266,0.2911141539609925,0.3346144433462499,0.36342952049114274,0.36861514976413545,0.3491427572974368,0.3050481345656484,0.24742643799059827,0.21117493065155457,0.2361522947490381,0.2729921364746396,0.3011879557309345,0.3199294699327814,0.3291373738986263,0.32339026073986554,0.31184690896157585,0.30576996009668767,0.3196281783898187,0.3360116072278184,0.34887755721808156,0.3465723651846455,0.32502830821938233,0.2962197493971189,0.27523149787526635,0.2775901900301372,0.3105037873357628,0.3638258940660326,0.3990393479420651,0.4087244429304747,0.40120064886608664,0.3779678597904106,0.35052619943268293,0.3381450350750179,0.35942027800890064,0.3971131535682959,0.4322838062209913,0.4466975139023692,0.4391949602398513,0.4127475790597286
10.35678391959799,0.2625173567305179,0.25691476754514775,0.28055851887513095,0.31117119737824106,0.335958737157523,0.34049992328736656,0.3243964241420467,0.28951945668932244,0.24786707280869158,0.2091549985227017,0.22093438562600998,0.2649613449850796,0.3124186426561366,0.351436759431039,0.3693727682332828,0.36187210115300783,0.3287163831594644,0.2740223598445036,0.22072550146284275,0.22108437654971413,0.2578732112563047,0.2910286996929752,0.31378798739580094,0.32709178444983333,0.3267208728642317,0.3159302781810175,0.3067787402416339,0.3131970652678113,0.3317754071859459,0.34556964992974715,0.3497733616028108,0.3319764803230234,0.3037200144207387,0.27876986305934737,0.2744535619900964,0.29945062053821014,0.35398952772265013,0.3942767869453925,0.40924849487010406,0.4033880374761356,0.38200035870042504,0.3541320835085442,0.3381108841464594,0.35570871761748735,0.3935442869313355,0.4301370472645848,0.4464921694251296,0.44002343615332995,0.4138629557316975,0.3829170551136081
10.42713567839196,0.2580387852016033,0.26257232080444504,0.2895769182704977,0.3207735651071365,0.34005000772963734,0.33711994450057525,0.3131522211825021,0.27341845256822594,0.2304266938687326,0.2071292939598368,0.23845407666113805,0.2866616939940696,0.3320468341912022,0.3627360445701242,0.36866891923154044,0.34853157494347753,0.3025951727666887,0.24337537659662645,0.21157214623071185,0.24081600564972439,0.27799639172328117,0.3053017243605778,0.32280996760682934,0.32868602178205,0.3201190573199777,0.30891935182519514,0.30797028126339787,0.32630902921632376,0.3417249181475601,0.3507204462194794,0.33874289050759865,0.3120390837739053,0.28428321950267055,0.2728979036230983,0.29011983372859285,0.34200467338971063,0.38776246013526716,0.4085743927084451,0.4050982850552127,0.3864773994475379,0.3586609782082618,0.3386621902661817,0.3512494967373696,0.3888797056569584,0.4270046288410271,0.4459191036607657,0.44123363214049927,0.41585454380621134,0.3843829048293458,0.36232764626299263
10.49748743718593,0.2551691400555851,0.270097985953337,0.29997001740417695,0.3292885109468362,0.34111360147514325,0.33069315333700344,0.29928695868008925,0.25734529207626244,0.21458357730248956,0.21542684972250115,0.2582722469258776,0.30748423642761824,0.34883234720064915,0.3690061576913979,0.3624622873731722,0.32879844951985593,0.2724927573799423,0.21891157931214988,0.2235798502825741,0.2618246899857948,0.2946994337069976,0.31654534092057296,0.32853625385547947,0.32500993902501407,0.3130317422043781,0.3058254748664774,0.3192367296718426,0.3363540652739878,0.34939971955599003,0.34491227167806715,0.320992513665854,0.2911821265086316,0.27392042665586613,0.28317277445972766,0.32753333944982765,0.3790720380979059,0.4062646737108655,0.40634884985414343,0.3916041733940099,0.3638914626266432,0.3401801083040634,0.3465623363272361,0.3833265167914581,0.42260393256224005,0.4449259565227359,0.4428378903838911,0.4188294909229362,0.38665966721241474,0.3632340142952438,0.35717757334587186
10.5678391959799,0.255398628751746,0.27829023861248836,0.309876180673479,0.33593432435355663,0.34028670425284346,0.322260390957963,0.2843809346802626,0.24082350239980932,0.20669276425606742,0.2304570494522895,0.2789179762733295,0.3266043679737617,0.3605687392947925,0.36905858125186564,0.3501761953835757,0.3037820092469392,0.24305506306319202,0.2118879301800134,0.24312955215241072,0.28086967577380295,0.30776961000237857,0.32444467827316115,0.32780452992920217,0.31794456005891913,0.30739729417678463,0.31151391675443274,0.33101440715931807,0.3453990283644339,0.349565338516879,0.33027270765399364,0.3003278269562819,0.276112624784262,0.2769747056555596,0.3116770058427091,0.3674772158164993,0.40187687865607924,0.40756239866615873,0.3966855076047826,0.3697352129380116,0.3426325061685588,0.34226721674801874,0.37654114395484206,0.4168835039997624,0.4435007386791082,0.4445452635665661,0.4226026480416125,0.38983461341688397,0.3647330452365586,0.35716340963407744,0.36754396574900916
10.638190954773869,0.2596394201143899,0.28624593457370406,0.31891494125888453,0.33986330158734024,0.3369232754332736,0.31125319313385824,0.26948161629987677,0.22452929991513837,0.20952953573191468,0.24829279357425538,0.29927512318348026,0.34359078292042555,0.3678745881380303,0.36429050303854515,0.33187532927933594,0.27499998263505143,0.21936712789717627,0.22403349831716635,0.2633343930668436,0.29644992563311445,0.3180477768617759,0.3290154956782918,0.32328285746856955,0.3110150653660332,0.3063229687426601,0.3239090886040875,0.34054790281937686,0.35066247327509537,0.3388541640479803,0.3110182992211026,0.2826358718722126,0.27331654018144547,0.29573918742364624,0.35274405718570656,0.3951224739454704,0.40914246313723157,0.401475403516826,0.3765197093634274,0.3474128191223176,0.3390614802896279,0.36882546190826115,0.4099400686011291,0.44105952529880854,0.44602758985480895,0.4270606012748527,0.3940918211017792,0.3669192197912031,0.3572740120393615,0.36596588203145597,0.38608031278716126
10.708542713567839,0.2654498309656401,0.2954711582444526,0.3268878918597301,0.3410623807473454,0.3309490683654306,0.29815545664686094,0.25437539457851255,0.21107703022913138,0.22050813092554777,0.2677672025026465,0.3179641446009849,0.35668051786351895,0.36953538645104933,0.35375216056021064,0.30855914999502987,0.24651291329055725,0.21156787890657558,0.24289608916986238,0.2815766179659688,0.3088375947069619,0.3253209755927844,0.3272149128003361,0.31642473218116607,0.30664395787931364,0.315091907920761,0.33383317585563577,0.3482919956075745,0.3462489673508289,0.3221042706603039,0.2910940293433426,0.27367503289523487,0.28510079586238024,0.33488273539782565,0.3853354683055519,0.40846605264438973,0.4048079161980054,0.3840679134000706,0.35437127861921014,0.3380620688709154,0.3603551096537153,0.4013909827729176,0.4370145777351744,0.4467086076450626,0.43188352004650776,0.39925923868928337,0.3698680439163551,0.35764766279018834,0.36388187157043306,0.3839375999002602,0.3983904808941132
10.77889447236181,0.27259096201338784,0.30470253438923156,0.3337464085843571,0.3406812737049063,0.32331159531699705,0.2842447317629453,0.23889714119458327,0.20670112802458596,0.23593549517760248,0.2872376836239987,0.3353192390083939,0.36537482716057457,0.36673613704925245,0.33764383508418194,0.2816647651609787,0.2223759481654788,0.22232946561316802,0.2623891849903406,0.2965054203629488,0.31849431428562736,0.32913546244751846,0.32216646712951547,0.3098514352848706,0.3076940247091555,0.3270526439774776,0.3429643935976713,0.3504489155963062,0.3330591500792657,0.30253418358872564,0.2765344726838721,0.2771909433463795,0.31469963267878165,0.37182174194245954,0.4044565600908361,0.40665958742166153,0.391785718263044,0.3625491610418108,0.33911404684807933,0.3512885696133975,0.39169624694238925,0.43118029686485104,0.4467588332641661,0.4363764840702391,0.4050744304943934,0.3736162932326639,0.3582624269898578,0.3615194975973013,0.38110771629686746,0.3975471990043764,0.401345778890263
10.849246231155778,0.2799831587166075,0.31342816046268773,0.33840600304675617,0.33834704937142934,0.31349824534122805,0.27043469279265864,0.22373084982988634,0.21066939498581583,0.25322636809351207,0.3059628139422549,0.3499709681353047,0.36959899895328885,0.35860049298586927,0.31686145941454447,0.25402533320336096,0.21118163975744308,0.24010094717240316,0.2800960767386511,0.30846526287119747,0.32543322176241163,0.3270665815881193,0.31566881611142306,0.3060585669767957,0.3176166577754641,0.3361567349901464,0.34981038730555936,0.3425678333945492,0.31514124350420136,0.2848949052932367,0.27298832876287726,0.29487479684048734,0.35381572204009304,0.39679475566311095,0.4085945397090338,0.3988894584588678,0.3711972774800103,0.3425976176897211,0.34348592442845727,0.38104429843802956,0.4229952720649012,0.44560001644810043,0.4404929508709732,0.4117807980110053,0.37823956969300454,0.35923937918895343,0.35905913418239876,0.37786068187349686,0.3962154286985069,0.4016403140601523,0.39624216037404913
10.919597989949748,0.2871225723329962,0.3212219937570846,0.34062071633188773,0.3335379823550182,0.30173300254960633,0.2564437982804201,0.2112549013935341,0.2218354225257808,0.27160829906691397,0.32318534975930135,0.36035733009856885,0.3687647004231519,0.34562049861542044,0.292455282288421,0.22881249912178858,0.21862029219794132,0.2589425147729604,0.2948504088254227,0.31794334985539074,0.3291232362750085,0.3219168160057375,0.3093941741712014,0.30851930126187677,0.328797172225459,0.34453048542989495,0.34951868770762795,0.3283172969805517,0.2960924268664571,0.27442477706264334,0.28295244795839314,0.33177690262767645,0.384922957928141,0.40866477573830884,0.40417881131339906,0.38093926889543206,0.3500094357122594,0.3387150429043868,0.36931337947865017,0.4125391691912901,0.44290711985665987,0.44429242148008297,0.41966363839039145,0.38494179972113995,0.3613634326327535,0.35741265285461543,0.37429185905015294,0.39442242025297203,0.4016277955903813,0.3967426923463333,0.3938462835310703
10.989949748743719,0.2954084269605892,0.3282590583829834,0.3411171428724715,0.3272569072704179,0.2892341216962919,0.2421434446990074,0.2066154607951307,0.2363835672235457,0.28985165506654287,0.3389830604097672,0.36727009813672606,0.3640198631176105,0.32803108711904105,0.2656531885003026,0.2131079592671996,0.23482012396470153,0.27640227095591363,0.3066390908063039,0.32480854160043626,0.32717733451370246,0.31566718018293227,0.3059685977689135,0.3187724770025465,0.33761414902703013,0.3503472077792431,0.33981517552883267,0.31033345947344126,0.28070750795991195,0.2747889739514515,0.3075220743287561,0.36786461782642177,0.40364892184990975,0.40666787912534863,0.39069363190669193,0.3602387346709368,0.33840469149161856,0.3571104614788043,0.4000765716887623,0.4375242898368463,0.44653819542746565,0.428168502754283,0.39302992598877073,0.3649952499921053,0.35717646673684533,0.37036429338051047,0.3916941574623013,0.4009643817683646,0.39767943361680835,0.3942161205689688,0.3913421006917579
11.06030150753769,0.30361736883327384,0.33417465183343276,0.34028874569584766,0.3194274312343084,0.276251377531175,0.22800401290709504,0.20957961330858332,0.2524684238244609,0.30719235997175387,0.3520958777068751,0.36978617551808635,0.3545872632532092,0.3063810165047762,0.24025573745640028,0.21402591803765436,0.2527155019135625,0.2911940693679571,0.3162855496990544,0.3289396627821283,0.3225283267217304,0.30958334544279986,0.3086528507316977,0.3294453991011457,0.3454322145712505,0.3485933806366348,0.3249128178787484,0.2918658101877445,0.2734565887413024,0.28804004648268844,0.34522837420250285,0.39349091540075176,0.409040715776659,0.3995506191429872,0.3709753699510381,0.34194448359970253,0.34568342240259153,0.3863285353324818,0.4288552564489486,0.44674471197308696,0.43569713674131116,0.40228266518558675,0.37043577402648453,0.3575010914751393,0.3659164671898465,0.3877491443323988,0.3998152031064661,0.3995593787814713,0.39460823009673285,0.3918151704882751,0.38660426470162856
11.130653266331658,0.31144833261477434,0.33830449757880654,0.3377372016273553,0.30979785820752104,0.26347214932850505,0.21536617165001903,0.2188468801081359,0.26958545334196415,0.32326886144455336,0.36132239131174404,0.36816217200739654,0.3406441511000926,0.2819121746365527,0.2198487401099256,0.22695723450503735,0.2701506098781019,0.303264252653901,0.3233907024933764,0.32766948928458905,0.31643227462761336,0.306102253847897,0.31856965466614495,0.33793097403211514,0.35050208300805574,0.33821716390322076,0.30722584396601005,0.2779634712192247,0.2770187499615242,0.3181676585244264,0.37745637467919146,0.4073777552266111,0.4050909456957319,0.3828075690457007,0.3506712140247874,0.33884990623675915,0.37167154950527215,0.4163739067721903,0.44451068823790285,0.4415905533502189,0.41215500411619477,0.3771416164853858,0.3586623169118486,0.3612915881929919,0.38233513264542585,0.39845050883205646,0.4009299138473845,0.3950158997800193,0.39204812934823985,0.38833907918913657,0.38032890618930515
11.201005025125628,0.31858587312573394,0.3404564101304939,0.3332173221297974,0.29879208660288725,0.25073172390211806,0.20729479476813895,0.23163090875131176,0.28653250647021844,0.3380898588240795,0.36749810743625266,0.36282323120488535,0.3229248838637837,0.2569066274442806,0.21116486136782475,0.24371407855204064,0.285289043038943,0.31327034137959975,0.3282317476800495,0.3240208668446196,0.3104152062380844,0.30795525931549494,0.3289368786807646,0.3454241368131463,0.34825401403022493,0.32328493645674417,0.28955999296145785,0.27298158703130093,0.2926304893257632,0.35431838462951815,0.3988363731148721,0.4076308325923279,0.3942864894773205,0.36304053834452854,0.3386627856302893,0.3565924728745653,0.4012092884126883,0.4390449011660643,0.4459818747846628,0.4233556770592637,0.3866761960932902,0.36137066097843584,0.3576685274601161,0.3764651503672678,0.3961904412636763,0.4014950120953449,0.3958182514894706,0.3923269489856883,0.3894667258240253,0.38170208495311986,0.37201105670418233
11.271356783919598,0.32493141794818603,0.3411003700396591,0.3275809432209127,0.2873951026076311,0.2377448006290036,0.20713383222342074,0.24602967359863692,0.30299762003353337,0.35062454253476816,0.36978850099612015,0.35352338320780086,0.30193665785199997,0.2332574323999972,0.21796266881265658,0.2608005617075908,0.29785388391440515,0.3208052559220609,0.3286033750731372,0.3179985347477421,0.30677028547981244,0.31697378140815413,0.33709791087010665,0.350445193061113,0.33801969163239787,0.3060553111611177,0.27675969036293924,0.2789025758988397,0.3251945588343139,0.3834098730594271,0.40882734310931057,0.4030202730425543,0.3759882816179341,0.3439516727498656,0.34353920564798823,0.38452476227673515,0.4287456166034158,0.44676337965408286,0.43391395435775326,0.3983095710055473,0.36694858684891307,0.3571512317928891,0.3705680248033332,0.3926575437320581,0.4014881890128027,0.3967091317500364,0.39355361514708176,0.39045276688563024,0.3832151601980571,0.37370073921643054,0.368032992522096
11.341708542713567,0.33083551247191045,0.34076684766073695,0.32078114555444226,0.2757572608253447,0.22499017013811695,0.21242377395890621,0.2615801261416042,0.31810770239117225,0.3596977092671284,0.36840143504130696,0.3401327108660843,0.2784519900465985,0.21662606649236482,0.2322542676691226,0.2765792955094033,0.30831142834969194,0.32636985486133185,0.32590538215720577,0.31214565129510563,0.3066866419997063,0.32730764020459424,0.34449440878569826,0.3487193428151647,0.3235725732565654,0.2890950931692655,0.2729062872337501,0.2955267581671235,0.35972048900253706,0.4018361372811272,0.40676065397534444,0.38932410033868736,0.35664109590228044,0.3381350309584059,0.36691094276765823,0.4134444724809134,0.4441728149774794,0.4414725501358516,0.4105651747956607,0.3749540424972988,0.3580408574358167,0.36428821776599707,0.3870566723216038,0.3999401666629576,0.3988417836269914,0.3943095835417556,0.39125788430769726,0.3847427667316399,0.3760061428795708,0.3686714548189338,0.37151227333581716
11.412060301507537,0.33542203688168337,0.3392647232966157,0.31252520448538723,0.26427717388164573,0.21395570809148445,0.2223989676264635,0.2772790244894161,0.33234910170913345,0.36621842645010594,0.36390282926001594,0.323533499641501,0.2550499125952236,0.21154330098346863,0.24834698419602108,0.29008734428955807,0.31683639870400027,0.329154411913831,0.32027905181988126,0.30762331153263966,0.3139606979032027,0.3351085919741642,0.350089956880709,0.33927443431630977,0.30695862818109565,0.2767597373705172,0.2795449154279326,0.3285901121311948,0.3865501876368096,0.4092047066499811,0.4008455423671422,0.37100046297100764,0.3410287618676837,0.34977708943486574,0.39496433508777473,0.4366059844522687,0.4463559912062247,0.4241189852880243,0.3861178081327008,0.3606653042755925,0.3586076853761123,0.37932975194359386,0.3978953938005735,0.40099962478038664,0.3949163567754834,0.3919705274754859,0.38694369333824374,0.37853439975210135,0.3696025102180477,0.3701360269301943,0.37388564651428113
11.482412060301508,0.33867855547681924,0.33619284639710234,0.30311345000885803,0.25293596412251595,0.20721190220976238,0.2345275755574665,0.2927976793984024,0.34491084034313635,0.36951744457556357,0.3557857468207235,0.30402006664561465,0.23291451486644432,0.21949444765135406,0.26432315675026685,0.3012715095440006,0.3232684833531625,0.3272928423640792,0.3148913809791619,0.3057713589904605,0.3242229203977196,0.3428699399722298,0.3497043104976074,0.3257961474266834,0.2903201446607526,0.27292756849930777,0.2959951497310742,0.3617185577234343,0.4031846725664274,0.406282538143796,0.3861153166841632,0.35210566291928425,0.33901707489979027,0.3752705852118572,0.4224388803172727,0.4464430896408136,0.43607323095248474,0.40014828569953376,0.36720777674659,0.3571701083213076,0.3719359355716474,0.39425404073459736,0.40166358286248127,0.39604937479620395,0.39236013095494493,0.3892937811597592,0.3809678968688105,0.37104924684118956,0.3682589618414287,0.373450018474915,0.3708975331253448
11.552763819095476,0.34043199022705595,0.33188644544817114,0.2931854408194552,0.24126546440510066,0.2070372462430925,0.24775064199832642,0.307360156125396,0.3550463270727434,0.3691810541584071,0.34428108340581076,0.2823073489271952,0.21718016941215146,0.2332462505665972,0.278868727506112,0.31080107417773317,0.3278197195986564,0.32379009571592365,0.309532094787359,0.31025514624330586,0.3325788430479186,0.348994019149264,0.3418140415440769,0.30988977733087664,0.2779854573636513,0.2787127351742327,0.32807663793433983,0.38726322517068934,0.4092512900932507,0.3994232542563041,0.36796343333222425,0.3394486808761321,0.355463716122403,0.4028603664877034,0.44123578993093004,0.44407517318393896,0.41478307987890406,0.37703723875979467,0.35823879584338436,0.36425956725663633,0.38790757791954056,0.40039472470681137,0.3975908151956551,0.3939146374161706,0.39065467597237613,0.38319660686479906,0.3731763117544571,0.36792293930214903,0.37269691683087625,0.37253106194253416,0.36440012456922255
11.623115577889447,0.3410588936352704,0.3268440828837065,0.282804950438442,0.22987026176472602,0.21105720968890596,0.2618905126310582,0.3209895030478178,0.3623859193313944,0.36663854414037456,0.3298424060482703,0.26022375333023584,0.21124227887015135,0.2483950812911293,0.29138889279579927,0.31824345057602876,0.3289372589926949,0.3182823886374764,0.30648996042396315,0.3194476231896176,0.3402496520388676,0.3505848915034864,0.32976500332897474,0.2935578536461487,0.27317943422783764,0.2936944922765615,0.36031994139758594,0.40322153132354843,0.40612131844751465,0.38453028475012296,0.349632623372357,0.3404764137130347,0.38126768114674414,0.42847805842592557,0.446741432108299,0.4304088161526294,0.3913582105919423,0.36211097971134765,0.3578513675993422,0.37867263621881686,0.39797860475144176,0.40079449838446646,0.3947282551331164,0.39172628754491456,0.38545847256643695,0.37642796415248814,0.3686079686950283,0.37186169439736094,0.3739367727179397,0.3662815557839981,0.36110637420296854
11.693467336683417,0.34097677799834614,0.3209109650103923,0.2729274798380482,0.21914003205917543,0.219313598722489,0.2760727105562648,0.3337996394881374,0.36744176807348883,0.3607657746181321,0.3125202434707848,0.23926969295793932,0.21745262583662783,0.2634312414391593,0.301792827906479,0.3240159474394595,0.3268468409024382,0.3129523672591773,0.3067332588365479,0.3286338342581917,0.3465267119515172,0.3454455467435076,0.314643082048934,0.28082310851255965,0.27665588217064974,0.3236335471796776,0.3856329343835143,0.4092479545711756,0.39917942371504744,0.36680118169238773,0.33883760435522003,0.3592173563544998,0.40824580689727785,0.44352571985874656,0.4412515995812628,0.4077776830950599,0.3714561125092617,0.35727354527662825,0.36989963540360216,0.39338682541659953,0.40166129557633456,0.3959703583787707,0.39216941436152786,0.38869616259491724,0.37982415491305743,0.3698596694328863,0.3699223825111292,0.3739774660924189,0.36853684399683284,0.36115852502648105,0.36457710787808806
11.763819095477388,0.34014126203707473,0.31393901889705034,0.26282127717828796,0.21066567446756013,0.22965877974151472,0.290070895553564,0.3450832358629534,0.3697377400112283,0.3522257807397644,0.29350058515573885,0.22199744231682816,0.22971439023995277,0.2772889826148429,0.31073039386113566,0.3281396061592192,0.3226611126487927,0.30837192919475953,0.31315030307219427,0.3356935399137283,0.350510778130637,0.3351485436345789,0.2988973530814192,0.2739995702327369,0.2894502577711815,0.3554188801868414,0.40193074945810425,0.4063041917258402,0.3846904500376157,0.3489834609344449,0.3414338572793787,0.3846005667382658,0.4318360288637324,0.4466881268309497,0.4252588491569158,0.3849820636579062,0.35953133339989063,0.36114554366462825,0.3849288149261736,0.39987738894467006,0.3981047510032468,0.39393672671931335,0.3905142732365736,0.3827079928032432,0.37221825072491144,0.3678551555093954,0.37329211542200513,0.37097412459643997,0.36162955710056877,0.3628387093069465,0.3703208143919583
11.834170854271356,0.3383482118013561,0.30614100921392173,0.25303417893966795,0.20674406274921475,0.24112267522250486,0.3034497774221736,0.3543566269671088,0.3690600724316757,0.340609719331854,0.27275220385131593,0.2120612671173644,0.24376170830531174,0.289304249733527,0.3178126681231559,0.3288803543550325,0.31757082366855194,0.30594671410661556,0.3225466818085876,0.3427800889522923,0.34913709028347917,0.3217239599623436,0.2852431381658712,0.27439487632722026,0.31540410475607383,0.38139417624290095,0.4090781439064176,0.4001951216517583,0.36747733237173974,0.3388030362881478,0.36050381142778676,0.41084005971165527,0.4445119751748272,0.4391699970682743,0.40287521571566,0.36747063743531017,0.357186228405985,0.37442340748388236,0.3964610461157966,0.4011780604084717,0.39489452549955917,0.39182583409575933,0.3854315936188495,0.37592855666647806,0.36830456520090915,0.37241612003849367,0.3732157468073086,0.3648760441568022,0.3623574361212154,0.368310324312913,0.37798062375764063
11.904522613065327,0.33542739608692607,0.29770074230655985,0.24296005163869483,0.2072455362184349,0.25318667954500385,0.31583369304041486,0.36120149459066386,0.366581230363186,0.3268097247593077,0.2527931347963903,0.21332199867630908,0.2580566125056831,0.2993791541885016,0.3234197890280197,0.326882989051811,0.3125066441508225,0.3075788496746372,0.3308157116815805,0.3485048983139767,0.34135241453704135,0.306896173286058,0.27541533194764134,0.2842191016764507,0.34670428317442736,0.39894344971234297,0.40680561557002237,0.38659513786858435,0.3501604548217794,0.3411845800241352,0.38525761806976755,0.4331080372352667,0.4465030081535789,0.42189670133880175,0.38083826321100656,0.3585267432540977,0.3644533136111101,0.38950204701012436,0.40122862319775265,0.39648011658666893,0.3925595773319832,0.3891283638301498,0.38004473060444044,0.36977978383765486,0.3703988454440137,0.37415330596319585,0.36731486339275243,0.36110784563170717,0.36666456532406755,0.37490064351011176,0.39181583759709837
11.974874371859297,0.3318127319200206,0.28930777889647874,0.23316444103256773,0.21109051023584002,0.2657303012483784,0.3276429652373626,0.36632862740170324,0.3613204835171504,0.31063897598237267,0.23381621539667463,0.22223604611316727,0.2715577869286584,0.3080335596573005,0.32751485739839836,0.32309014165830563,0.308262219247053,0.314394980783816,0.3375159393550462,0.3507304530564276,0.33027337861529715,0.29199354382413545,0.2728957217485005,0.30339677262938636,0.3738177496436538,0.40824231573422587,0.40222078597406885,0.37007539551181845,0.33930575768636284,0.3593250469376449,0.4107650288265735,0.44477388055865286,0.43809117490486305,0.40010341343385636,0.3651681681224419,0.3573125144757827,0.37789884644805305,0.39823776621685125,0.4002121835199123,0.3943564441709648,0.3909309294502292,0.3833104671675077,0.3726751568333273,0.36782813277056237,0.3733523849285403,0.3705439337097015,0.3612564003566623,0.3635774492817726,0.3722253117868457,0.3856016445020687,0.4075147788019746
12.045226130653266,0.32771985527144876,0.2804648781919443,0.22360131725577415,0.21813973588320779,0.2781525348371623,0.33848340296770685,0.3692347402191062,0.3538899191465259,0.29318918464412713,0.2195212073516416,0.23458193661671056,0.28345128732208924,0.3153648107932343,0.3291479086972384,0.3182166942406447,0.3059661651424115,0.3232725433956032,0.3437424892377614,0.3476087118228198,0.3164573011765748,0.28054380063334294,0.2783708448667096,0.3332887698095628,0.39344799218012827,0.4077632021356101,0.39027219393172163,0.3533081944531442,0.3398861252359302,0.38322524408845027,0.43255634013817523,0.4464662207704332,0.42057337783847926,0.3787538093339057,0.35807479059130387,0.3668027884340188,0.3920893817468627,0.4016526887416487,0.39576652954920466,0.3920494039538166,0.38686809843083036,0.3772907702867081,0.36860135520322135,0.3722611024709268,0.3732195358831176,0.3645269269625617,0.3625352498150245,0.3688631246542894,0.3800814455775865,0.40245629653027204,0.4154628428003122
12.115577889447236,0.3231486751799819,0.27241657408660713,0.2153456238646505,0.22685891003139802,0.2903938782664568,0.34798972580453924,0.36955979339131995,0.3439592704204708,0.27426807383768315,0.21159985323008423,0.24760193857709056,0.2938220202251739,0.32111005319383623,0.32739971286862857,0.3135120626725948,0.30720172534915013,0.33098903059542395,0.3490484955358296,0.3392524429382746,0.3021949952886872,0.27416069855988767,0.290963102190795,0.36169610856025924,0.40556066157053283,0.40449246912110515,0.3747163334960164,0.340772231529076,0.35560257032910203,0.40796457332669067,0.444407729640818,0.4382579548009303,0.3993980989514865,0.3642262427951266,0.3576405344559711,0.3801914447906318,0.39902478081437076,0.3987403868555841,0.3939123619445962,0.3902682864498854,0.38156844314637417,0.3707577033111671,0.36940746922549195,0.374046913823443,0.367561267269762,0.3610880044238376,0.3670161298803061,0.3756013917125276,0.39495842006508153,0.4134202498943782,0.41180574336270226
12.185929648241206,0.31788784796936587,0.26405789299261495,0.20915309145680339,0.23636394347098522,0.3020948501006395,0.35563958360363457,0.36833024431214956,0.3321584300258097,0.256047916846335,0.21343647662433396,0.26065128101219104,0.30257823983893684,0.32560432031257114,0.32489463559951726,0.30913936555421095,0.31315142680765695,0.3372919570596482,0.3507091399223239,0.3281809158385862,0.28866055949109526,0.2736897370746856,0.31561852041526106,0.38438208333099433,0.4091786659883987,0.3955217940284601,0.3586540408693375,0.3385388804310956,0.37837144762533104,0.42999304749563194,0.44662604659202354,0.4214783327449023,0.37865836128671293,0.3579227006211534,0.36800664860013876,0.3934616613513242,0.4015915573859987,0.39522102179622953,0.3919006611870719,0.3851760770415651,0.374861201218446,0.3679439791437875,0.3728935435375512,0.37116136285569057,0.3614110475771022,0.36346145483569803,0.37251151928585813,0.3867633518004445,0.4090102844317911,0.41385739056791837,0.40282869957537437
12.256281407035175,0.31206066560366774,0.25605924907167443,0.2066740931714124,0.2463484222307788,0.31293407897474124,0.36147949242355604,0.3652843654714373,0.3184364063390095,0.23863355366220773,0.22151614028456446,0.27297175986560374,0.3102777635342395,0.3286667779220328,0.3202039971613202,0.30668923255356295,0.3215122590484202,0.34327999650154695,0.34747520881657123,0.3148364566566323,0.27839139959359716,0.281596269047238,0.3445343933713608,0.3998469937172068,0.4062506844383754,0.3814337176046956,0.34354309050501497,0.3497837712957359,0.4022740385393261,0.44322752661021136,0.4396426507692264,0.4008921724525816,0.36449283854550785,0.3577396879558613,0.3812433416146388,0.3994839413367637,0.3976777029618628,0.3933994479318407,0.3894832231610481,0.3801570245163637,0.3696185996679274,0.37121931319869106,0.3739625910044917,0.3653998296015257,0.3623349659502786,0.3686040174421714,0.38003160834244665,0.4031186113657639,0.41555672521500786,0.4070579148102391,0.3977757094605773
12.326633165829145,0.30584126484869345,0.24784383576922786,0.20712053261809138,0.2569488388903718,0.3232989915040829,0.36601640871645813,0.3600846954848447,0.3033789930859472,0.224028003059892,0.23254988079068473,0.28375971131997013,0.3166089078687859,0.3287753601969523,0.31593666572470913,0.30596856441504694,0.3291676402184339,0.34846381939121973,0.33955786914047925,0.3011781319500073,0.2737242854564226,0.29552591523731175,0.3700897858627962,0.4082055056420091,0.4010782833819033,0.3659005312707243,0.33811595907104075,0.37088887507536517,0.4248979240779497,0.44675994552327836,0.42452149747941603,0.3805722765392672,0.35807322917713935,0.36795589711350996,0.3938538937789424,0.401412049356773,0.3949521695737781,0.39162883284283767,0.38418559802281105,0.37317311268070874,0.36785150893319807,0.3735866324149567,0.36942699676564716,0.361185722496137,0.36609472692429346,0.3750349285387752,0.39418659989817306,0.413512418442884,0.41126919840745546,0.4002044178322395,0.39344774413505745
12.396984924623116,0.2992275437055496,0.23983488895414995,0.2098800350840977,0.2674950110237301,0.3330596489853135,0.368799965434506,0.3532812931198568,0.2871805499627299,0.21424705393809762,0.24438250832657027,0.2932911134287495,0.3217177076527371,0.32697896206419363,0.3115009867056421,0.31018313125349417,0.3350115839126693,0.3507080954243271,0.32919742233591986,0.28845454705640017,0.27421539722789734,0.3214447185908187,0.3895624007046221,0.4080705277844998,0.38944353381284946,0.35026495743772446,0.3433329457774842,0.3937896556876146,0.440500324421342,0.44203900050393985,0.40449837736645644,0.36602507196295464,0.3574632798890054,0.38076666460785624,0.3995453972992796,0.397371212750967,0.3930029655062415,0.389058562691043,0.3790383001338218,0.3689815476258955,0.3720982469841103,0.3730016709076327,0.36347619081707894,0.3627572420586924,0.37101099243791325,0.3849325868602633,0.40818034972205686,0.4139586175262542,0.4026650221563778,0.3956994921476882,0.3961708432814215
12.467336683417086,0.2927957984758317,0.23205016543161128,0.21487642825076647,0.2779034805106715,0.341852081385254,0.3697856508913876,0.3444899683222864,0.27030011843000845,0.21133812521342887,0.25638628822897136,0.30138390196137577,0.3257523974934299,0.32404629331731005,0.30800204799005104,0.3173831372839464,0.34144636620559754,0.3488718717511532,0.31667049693706184,0.27872156076053956,0.2823106662478614,0.34885763299591954,0.40252511512712763,0.4052139855101534,0.37505921548159726,0.34001250617627377,0.36093537451679825,0.4165492019432091,0.4466492994333635,0.42956541173446283,0.38462394448386994,0.3585330364225803,0.3666369720444912,0.39329834262720764,0.4014360520953606,0.3948994873062899,0.39146201277779313,0.3836398321209551,0.3722704471230539,0.36832651655794457,0.37378972768444707,0.3676347273084748,0.361052782426305,0.3677563941821801,0.3778084994184173,0.4008008034867725,0.41544878011608566,0.4076059662459436,0.39779712854293925,0.39352156977184094,0.40582978610464493
12.537688442211055,0.2862146819616356,0.22446996797574192,0.2213080811836401,0.28810894535991516,0.34963083079770074,0.36907281229528155,0.3343132092580834,0.25424787959024453,0.2157078906094807,0.26776440603124896,0.30853548357996485,0.3285894227032784,0.31966214493256495,0.3060289154870037,0.3250564699961914,0.3463493816927221,0.3422527471373489,0.3039476863668964,0.27394858621224916,0.29588914732921534,0.3726279795351408,0.408866565168331,0.398266980007441,0.3602856896878601,0.33865064334736983,0.3825462864520923,0.43500566816958286,0.44498734584058397,0.41038314047097746,0.3691595853696523,0.357201724796939,0.3788513452227428,0.3991853536208454,0.3975563826087767,0.3929756623582834,0.3888331559291581,0.37836893523658655,0.36865802817791804,0.37255072379990684,0.3719397698948439,0.3616457467660763,0.3635767597681844,0.3733192360829434,0.38967221541366226,0.41159448606075955,0.4124040812193006,0.40061832930544505,0.39355272859754953,0.400469696557487,0.41767228947810553
12.608040201005025,0.27954451385601853,0.2177206396656035,0.2286351097402889,0.2980025192955833,0.35588576115039094,0.36742169607673625,0.3226883703079778,0.23888215109660305,0.2239360357772442,0.2781294742002589,0.31474883221326255,0.3289199569003175,0.3157142726908583,0.30649854548242894,0.33154819150989856,0.3500874426674714,0.3332545275960068,0.2913716571846152,0.27360966831247124,0.3205380168404214,0.39059957601706263,0.4075642975944962,0.38620785215437325,0.3456336041374177,0.349215262263043,0.404713028103735,0.44470604101996114,0.4354515545300548,0.39106672928784403,0.3595873193562623,0.36410561861912094,0.3917432128998337,0.40163480264815365,0.3950158105180266,0.3915013271279202,0.3835285348700991,0.37188879275890807,0.36879201906306824,0.37409650510770454,0.36666624446288765,0.3617789835890519,0.36847181208693636,0.3806001632584519,0.40475880938877884,0.41505887481843085,0.404043053814253,0.39624894388741494,0.39548841468284923,0.41083585710602355,0.4259166706862454
12.678391959798995,0.27361969899088867,0.21204503241136008,0.23633138231432738,0.30720031507947243,0.36082096411921205,0.364188737139888,0.30986859469748285,0.22567886954424066,0.23413715479625608,0.28747334201463315,0.3197108991094184,0.327268586074112,0.31161029988832323,0.3109819906927135,0.33703538950824663,0.35046929173085406,0.32228090941357634,0.28158141166882733,0.28037149867527333,0.3467032464953401,0.4026917650003623,0.40478361468816315,0.37206245067870225,0.33866863165784133,0.36850081895100195,0.42553583878134704,0.44668937538249454,0.4187699940442504,0.37409090200135364,0.35716733715743654,0.3757428656650048,0.39852298770881234,0.3984880899764862,0.39331789053430444,0.3890353612425099,0.37837159723578295,0.3685413716092377,0.3726469096776195,0.3713758313692235,0.36125383174244363,0.3646591353740444,0.374603091981609,0.3941230359467498,0.4140933227998278,0.40977009989657387,0.3986756367702323,0.3932335745406843,0.4045749762650427,0.4220683569702417,0.430067395185052
12.748743718592964,0.2675677518199282,0.20818230155618078,0.24424515203039154,0.31590693052270935,0.3649045725089104,0.35947866908618686,0.29643318920433936,0.21619600952777474,0.2446503636080134,0.2956223353257703,0.32385111615960915,0.3251744435570928,0.3083004176724964,0.31789619698307603,0.34250393979786375,0.3468261558650989,0.3103766634698609,0.27483690307824693,0.29166783317015177,0.36970080164486097,0.4087935800473357,0.39760819038107487,0.35785973153726214,0.3399242304365738,0.38956749491850995,0.44004905994226806,0.44112684869668095,0.40019742864714414,0.3623735636364258,0.3606263402247476,0.38870210984537035,0.40163752455823687,0.39540578527571135,0.3917298662142933,0.3838444725780006,0.3720295994278878,0.36889324538973567,0.3741514359717908,0.36616136984268344,0.3623322564282818,0.3692034399687547,0.3830144619605875,0.40750119857868916,0.4138336215617351,0.402078962209074,0.3948406392553202,0.3986025003623296,0.41607456909437635,0.42843134867024113,0.42676476610812086
12.819095477386934,0.26153387467095723,0.2066821670941822,0.2523899475802195,0.32423649505025964,0.36772598418345837,0.3536860531112038,0.28200388011278044,0.21133238578790503,0.2552958256958646,0.3026780664219908,0.3270559723469285,0.3212698821194633,0.3064303135634938,0.3249892595401689,0.34711763431363596,0.3397488335203487,0.2980170629063993,0.2729013525757975,0.31270914078362133,0.387678973492244,0.40780375405797553,0.38597208652091197,0.3442917750819403,0.3526577114184204,0.41101969652853965,0.446382606728131,0.4291509473376721,0.38172305611024915,0.3577751797576617,0.37140378278416786,0.39700338094134,0.39996582580907747,0.3938761694771391,0.3894579800295044,0.37905575027750193,0.36867864408352435,0.37264592914135863,0.37124875729392504,0.361225508965771,0.3655178482856365,0.3752849888943196,0.39738252909928173,0.4151947297475863,0.407844472965739,0.3975889166091162,0.39379247574678167,0.4082525250181992,0.42461665007924476,0.428796865093774,0.41372743572929793
12.889447236180905,0.25590831891590227,0.20691535927047822,0.26065773215690813,0.33208024258437896,0.36942121868208855,0.3464940590400589,0.26764585781485706,0.21292102836814686,0.2654042962565645,0.3089615454706818,0.3289845547918462,0.31760776362587206,0.30588621154472606,0.33107290448901583,0.3502388696014527,0.3308153008567254,0.28728978074215483,0.27617511314555176,0.33760115146439706,0.40035251576085673,0.4052635601196438,0.37248020650421165,0.3385103197831325,0.37178589610327584,0.42976619689704065,0.4459675238448171,0.41125091157785154,0.36803315043993945,0.3575053002705081,0.38351763806933437,0.40085970737748644,0.3960252716464254,0.39198684954008267,0.38460074051935056,0.37270437289479375,0.36849337255583015,0.37413328088472997,0.3660930138837435,0.3624535545402554,0.3697802096964382,0.3845172215310477,0.40922049731952725,0.4131498999889498,0.4009695881757358,0.3935248512182884,0.4013660038595117,0.41966933512487214,0.42977838888239717,0.4228334557436444,0.3931668837717329
12.959798994974875,0.2501623666669871,0.208134102283694,0.268821761890078,0.33927642271876657,0.3697191102208628,0.33820015576489215,0.25396928356971193,0.2183427441628576,0.2749550991856258,0.3144875080428695,0.32869905629320484,0.31396756273469384,0.30906601361632036,0.33595251119442193,0.3504577225473532,0.3202181991744242,0.2787548862200785,0.2848557536382841,0.3605946555350912,0.4077697850135549,0.39935503049511256,0.3589955936481253,0.3400753884989288,0.3920308426916178,0.44193295385286446,0.43842816458698075,0.39335493811376443,0.35950108317673146,0.36578387080292574,0.39416968953476084,0.4010955852556828,0.3943259510298813,0.39025619545087675,0.38021426438722794,0.3690212018767065,0.37251357286824704,0.3714363634734177,0.36122851332907613,0.365723486379986,0.37574339722556493,0.39913815075085823,0.41547288505547175,0.40623315639068047,0.39686276791822883,0.3950913637317456,0.4113260891151951,0.4268486770447484,0.4281891979322754,0.4064056908148149,0.3683503498745304
13.030150753768844,0.24457731038278763,0.21065333746064552,0.2767429322313293,0.345749228041607,0.3690684185663041,0.3291405513887533,0.24086598027547168,0.226159157990535,0.28344710564519526,0.3189826175070305,0.32714665158652356,0.310336324164298,0.31464456670274144,0.34142927921108623,0.34719970591698845,0.3091664182628133,0.2742368835786112,0.2987316989930364,0.37996267677375406,0.40885075848808117,0.3887907599298728,0.3457371524035926,0.35224206037583705,0.4124417201239997,0.44670475877697724,0.42501019340015844,0.3766422319157404,0.3571839818604299,0.3767492629675262,0.3992104174760869,0.39686744715147537,0.3921267183329915,0.3859386900648165,0.3740517997296915,0.3680116305163934,0.3739312299404376,0.3665059227041112,0.36238069786824545,0.36982808993564886,0.38513244277901126,0.4099051443174164,0.4126828183332698,0.4003255190988404,0.393154209759935,0.4034427691186173,0.42196917418599533,0.4300297812560385,0.4182502666702741,0.3841755687013675,0.3472375067135305
13.100502512562814,0.2392274151759639,0.21437120710748347,0.28444397956470113,0.3514553888294356,0.3678336580209858,0.31905752249245833,0.22904836416697827,0.23511220134683564,0.29104939839253696,0.32286899083178766,0.32518035449088933,0.30773833810178997,0.32117619186187985,0.34558009317010874,0.3408446241652029,0.29765625716245037,0.27298468712543533,0.3209799902317898,0.3943037249738134,0.40634413044082873,0.37636801224278016,0.3390013763327785,0.37036554800416166,0.43016883706649733,0.4454612662701596,0.4076545745557181,0.3648915962394912,0.3595949723911689,0.38888730032079466,0.40166700233714225,0.39487586274239306,0.39094410702043214,0.38169417097148595,0.3696734093630407,0.3719748919519402,0.3721461508867121,0.3613165143940116,0.3652957792593755,0.3756284067208189,0.39950589813239457,0.41554026632332375,0.40533769508454354,0.39627819190532154,0.39659089251134527,0.4141159005738466,0.428126449632686,0.42660203769914584,0.40029638784615784,0.36042627019180484,0.33239133356349604
13.170854271356784,0.23410783139238545,0.21878458402917111,0.2919930502153819,0.356111526818214,0.3656300756211097,0.30835703151724014,0.21987558258320417,0.24409652091876932,0.2977218312147256,0.3259231284586279,0.32171065498817286,0.3061007369229225,0.32743598037033417,0.34932493647017904,0.33289000880124264,0.2876580681823334,0.277043283597859,0.3442256172704855,0.40404792773172815,0.40278394931722283,0.36359499876175905,0.3388684857328299,0.3895808418177841,0.4417821862038087,0.43766036218885085,0.3903916592236092,0.3586448199263972,0.3692645126862847,0.3966940879528511,0.39955520136922795,0.39332749059667704,0.3883057795893431,0.3762746608650691,0.3678996106976268,0.37367341350191463,0.36733124161921393,0.36193153572810866,0.3692857219679202,0.38461921361582807,0.4099201993778625,0.412494260081957,0.3999061813818172,0.39315481935777374,0.40507183619289466,0.4232883263171684,0.4293342360913539,0.4142659312634789,0.37654336934905297,0.34140272078025147,0.33164046840558736
13.241206030150753,0.22909208751424903,0.22363490578822254,0.299106396973037,0.35992701372171065,0.36239923154450393,0.297367436003136,0.2136311440833888,0.2531841589309902,0.3037630022681823,0.3282759205169007,0.31839655342400874,0.3059688471915596,0.3324365755462936,0.350715481301506,0.3235148735824911,0.2796952325101604,0.2853786445324602,0.3650280552077122,0.40888097576676996,0.39478941896508646,0.3506174472490071,0.3480156965691177,0.40918436229470245,0.44660256030870427,0.424493813219616,0.3750879036842585,0.3571761983402124,0.38003372125972246,0.400459064616014,0.3959948360175902,0.39187491018310217,0.3835114739470642,0.3710311636939754,0.37099045374747386,0.3732762816616527,0.3620438403539604,0.36427910534430064,0.37504585996922435,0.39856329059203377,0.4155240406157058,0.40514557688842656,0.3960254049765316,0.39734637574096887,0.41574188980873183,0.42885650323963853,0.4247335989853551,0.3951985143169494,0.35494989853738945,0.3295009810222551,0.3482946229613908
13.311557788944723,0.22439215276885238,0.22861103578518682,0.30577874840538233,0.3632950556196368,0.3584121452337389,0.28576500316532094,0.21116171425587904,0.26192646361367933,0.3091521706366853,0.32916075527895006,0.31518215470660804,0.30879625568264557,0.33709826368015017,0.3496059953135765,0.3132742632838741,0.2746488301674924,0.2983979724148771,0.3822931053526122,0.4080215081262155,0.38375901939376544,0.3412964468309341,0.3642646061488857,0.4268227492075518,0.4459255878167163,0.4078582783980721,0.3641114462439181,0.3609561064364113,0.3913634458490527,0.40133549035323557,0.3943827895641975,0.39008296596362224,0.3791115271888048,0.36831091649295333,0.3731319216218776,0.36900723313954475,0.36113287866381616,0.36855525104849785,0.3831632858004492,0.4092626369568986,0.4126843180885982,0.39991684860169974,0.3931943044952665,0.4058958961650967,0.42395148469022526,0.428735097778399,0.41095460925701566,0.3716097836529588,0.33772928883534803,0.3355054197317999,0.3668923620987179
13.381909547738694,0.22014554023959887,0.23365982066347857,0.31205355619948727,0.3659366111327096,0.35383745381351783,0.274007157249476,0.2131132563004694,0.27031407925413053,0.31394279221657306,0.3284034213502016,0.31184113423396065,0.31354398872744627,0.34183115609074943,0.3453422818721035,0.3029231094243804,0.2729293592297428,0.31897526386857966,0.395227063805593,0.40581468363779505,0.37155586781615146,0.33803659238357353,0.3823797707081361,0.4394033556485961,0.43916723395074375,0.39138989770514654,0.35853854150571296,0.3705885788343679,0.39775437259314006,0.3979371926593185,0.39230564252724864,0.3858788686115425,0.3732216404596145,0.36885076568003206,0.37413568021139376,0.36416223861095953,0.3631629038194666,0.37416903497745446,0.39611287968415354,0.41539308791819396,0.4057443434834115,0.3961113212335756,0.3974664803394603,0.4163194404236824,0.4292575846852751,0.42345174219509285,0.39140150000792073,0.3509432616700965,0.32902115998252524,0.3537362602184235,0.3826677044498834
13.452261306532662,0.21640658329931828,0.23885923726980407,0.3180584548702381,0.3678465031997342,0.3484549516142068,0.2627823011652062,0.21745675208253046,0.2778494221122906,0.3179267442717678,0.3270156276870454,0.3090204742099596,0.3194887911915577,0.3455656831391605,0.33912802036692,0.2928525084671978,0.2751078124364059,0.34060704498421757,0.4041247098450952,0.4017526208692459,0.35959788139904947,0.34176055264627536,0.4007923811595696,0.4455848723940268,0.4277463827603085,0.3763211656512746,0.35717683365677555,0.38111995105102925,0.4010010119489492,0.39551294667530656,0.3913328685856339,0.3819315882899892,0.3695377308850336,0.37248900228020365,0.37088628848704874,0.36118888856855313,0.36786920803290113,0.3807353006836198,0.40753785732560543,0.41316095669149844,0.4003550581801858,0.3931452367136028,0.40584453681040766,0.4241667117907789,0.4286159839788485,0.40894653128411007,0.3683360465856612,0.3353866363633241,0.33921314137306013,0.37065339340103853,0.39831161206568255
13.522613065326633,0.21306249864938498,0.2439077045414686,0.32377449864899255,0.3691684303141092,0.3423270189306047,0.2520215332786666,0.2235866121259784,0.28481957508265443,0.3213860296336495,0.3252420166377321,0.3072207792808398,0.325202941238119,0.34902211780141845,0.33163560222454036,0.28458003913348573,0.2816983635952931,0.3603974331313273,0.40876590189738304,0.3937858536703034,0.34761227212063217,0.35385113667698076,0.41863410844234916,0.4466742496141738,0.41195407486448865,0.36549353778193083,0.3605618256393375,0.3917363691994601,0.4011852765846726,0.39413491971502845,0.38925531353334675,0.37702718495546184,0.36789243476181044,0.37371520277750336,0.36618496665188127,0.362580317770823,0.3724087034722403,0.3920726443020154,0.41471182813972063,0.40703544148329307,0.39660968172625344,0.39697515372607073,0.41604910525097094,0.42930138057148115,0.4228667765813612,0.3893107785438067,0.3486174029882536,0.32924050648207315,0.3577341509304248,0.3858422617405811,0.41667943742707036
13.592964824120603,0.21043956280149012,0.24893319357081456,0.32918690899973946,0.36976564302276804,0.33586930566932427,0.2417634018708864,0.23056559725824677,0.29109746151219484,0.3242790559789033,0.3222743762563771,0.30593784570360905,0.3301882305682089,0.3505948061662778,0.3230058818757089,0.27758489753576954,0.2908635971356073,0.3774783069987184,0.4083567521993363,0.38332053247527575,0.34027648367868213,0.37017242109866044,0.43338443367167556,0.44250145815648234,0.39644298378145204,0.35909078127676075,0.3696700196008318,0.39776901482770144,0.3974547735252225,0.3921001263680235,0.3847502323039055,0.37164608074237715,0.3708138508820471,0.37299310698490673,0.36133576350187335,0.36622399904217473,0.3778529974464343,0.40471831002896974,0.4138735884376663,0.4010457801974394,0.3931658074863078,0.4048893023972997,0.4238627504671041,0.42862637815347926,0.4083465406057264,0.36680869888039347,0.33414365010388125,0.3417136923687112,0.3733780379672913,0.40251564478311774,0.4264003256931699
13.663316582914574,0.20847914448598026,0.25400484240316046,0.33422296709700583,0.36958019937589515,0.3289695767505456,0.23207454242528558,0.23786910946217255,0.2967293017921073,0.326674539561125,0.3193124380660026,0.3060723417207343,0.3340141830381482,0.35026529100374104,0.31371469393639195,0.2742561214531636,0.3065668964426477,0.3907523891133835,0.40625029271775115,0.3719069100188658,0.33812367222974493,0.3873027949412784,0.4427146925391152,0.43387878895538434,0.3810814208896043,0.357189350690964,0.37950568094257586,0.4008823237570085,0.39539480434883933,0.3910480882144307,0.38099059856137896,0.36885740847265636,0.3728727141710547,0.3689014873187104,0.3614416249251784,0.36967272656591843,0.3872947429192405,0.4130040610257688,0.4089650809223364,0.3972203331073717,0.3956792838533847,0.4148090682644854,0.429024533482149,0.4231958299010843,0.3890695553928105,0.34774265814701544,0.3296285014835544,0.36006006669595847,0.38784579367029326,0.41943417761435287,0.4231869446868627
13.733668341708542,0.20718525482155026,0.25890301641370983,0.33883844510243666,0.36912573537642435,0.3215728733518013,0.22436708725869026,0.24507969314322964,0.3017614297304334,0.32850204837365193,0.31657187865777536,0.30854155331681554,0.33855964273953376,0.3474778238532069,0.30446241621386216,0.2728927910464968,0.32608642567441826,0.40053233285450673,0.40327408287303024,0.36079019598440387,0.3423564952089023,0.4047064182087774,0.4466460615084279,0.4202667128561901,0.36954441337329913,0.3585840570858434,0.3902045426623344,0.40129079464508133,0.39411704608240283,0.3889529820647448,0.3758990245982843,0.3679581579533153,0.37415415045998124,0.36444404246145545,0.3634535236568578,0.3749742803076246,0.4005218389688514,0.41515900962999097,0.40222466698896664,0.39363608525214544,0.40310729907245957,0.42311370663704406,0.4288030955625781,0.4092940537818486,0.36703858710172765,0.3338062702414546,0.3429070619447313,0.37501682975453554,0.40530642561501395,0.4272489427056727,0.4069556438580131
13.804020100502512,0.20671969826523884,0.26357952954306363,0.34305049474301963,0.36842668274880375,0.3138887082210742,0.21810121668312776,0.25229301134842697,0.30632855294909644,0.32915921538662896,0.31381095329187114,0.31244087491167727,0.34238762428292324,0.3425058747188363,0.2951950875861695,0.2751618990377023,0.3458010157894982,0.4068842502716743,0.3967426156233793,0.3494407898290698,0.3538867567790187,0.4212295976328284,0.4461656603627835,0.4053193253088614,0.3612373266650887,0.36647121161831253,0.39673051855201524,0.3980799224833116,0.39211389626070225,0.3845496317808559,0.37116890230576915,0.37147686847529915,0.3717068733164969,0.36115898142231107,0.36793959242310126,0.38214228521589866,0.4097395751067583,0.41140304059123245,0.39819569778031516,0.3941803848711434,0.4123313237105123,0.42838219997093674,0.4243150149712781,0.39070439183239514,0.3482944619016637,0.3296781914992839,0.36088700036347454,0.38909911632492133,0.42091240671564245,0.42140315938332684,0.38008880547564416
13.874371859296483,0.2066297873693037,0.2681189836541058,0.34693256463712785,0.36733302163418713,0.30614269005257677,0.21363051441327385,0.25925831133430477,0.31064215951478413,0.32862350368384474,0.3110455148851392,0.3175915104281437,0.3457044802670388,0.33655457894042407,0.2871962476406106,0.2810789821131705,0.36340042864930555,0.4092363833541408,0.3876895431959573,0.3414587924983574,0.36910635162043826,0.43453215690556557,0.4406902734104803,0.39038175572215006,0.3578695562485432,0.37569540612386243,0.40011264909912403,0.3957081883438903,0.39116803677518497,0.3809082092949949,0.3686159082345086,0.3732668192048523,0.36748191644651906,0.36249464266337816,0.37213897071100965,0.39332828509605333,0.4153765098855543,0.4045475472370821,0.39504631112468125,0.40091212216040295,0.4215965414741376,0.4295400032990758,0.4116691700521997,0.3690450515197181,0.33442430555166414,0.3426886604581296,0.3754390676668944,0.4065486210276159,0.42753490818996953,0.4037010336338581,0.3525039201339516
13.944723618090451,0.20685422179310464,0.2724291734513127,0.350404208793628,0.36578476737956267,0.298318107486542,0.21130928048032183,0.2658636091979296,0.31431880534021683,0.3273727408929481,0.30877711022732623,0.32259940141887977,0.3487740009545762,0.3296151985466552,0.2806566528852674,0.2889011623503426,0.3785951800301415,0.40762938761138523,0.37754955906903154,0.3381892764108003,0.3851824604135803,0.44292114200971044,0.43177190181971503,0.3768247179568285,0.35720130246525295,0.3859262438563771,0.4016310530594336,0.3943451570126173,0.3892662462313434,0.3759942147248405,0.36805269992762146,0.37415971384147495,0.3631105611169273,0.36483718442465674,0.37718873538702935,0.404977519280426,0.4134032011991047,0.4000606058261267,0.3933950207865262,0.409126158880315,0.42730125660995344,0.42612491991685775,0.3941730894394081,0.3503328403620565,0.329318465660455,0.36032085729424657,0.38919871603803124,0.42142211802469687,0.4203271496901022,0.3768997912620642,0.34088021115810396
14.015075376884422,0.2070716339591877,0.276494441981771,0.35337726050753493,0.3638335603088758,0.29031925536536607,0.21175278723912394,0.2722313786249817,0.3175198335605186,0.3263822131685188,0.3072817800800427,0.3272708244133572,0.3504266831817371,0.32180891795375843,0.27546367116817727,0.30155592709639234,0.39057037575347753,0.40580661862275824,0.36711417039537286,0.33971148116431316,0.40138693861081587,0.4465998034469436,0.41833993898734334,0.36689698759271094,0.36134182292525296,0.39415076843262764,0.3998258774884905,0.39248308789356023,0.38510593962690187,0.3713215603546398,0.37156431883680785,0.3713316209220652,0.36118643869035505,0.36850192800377957,0.3855636627821777,0.4127757450462164,0.4083696926488172,0.3966540070865656,0.3979833828585191,0.4188304171736221,0.4300731286733277,0.4152552206650496,0.3728499318126782,0.33593132879744203,0.34107256220337445,0.37461069368981714,0.4062816541361054,0.42755195508014454,0.40210308905075154,0.35043114847639967,0.33604285586288274
14.085427135678392,0.20754599747714764,0.28035116475873534,0.355959043684388,0.3615485608553958,0.28217464693228766,0.21384486177826467,0.27786299961395744,0.3203154983181995,0.32453365656319777,0.3060850499186889,0.3312736962420231,0.35062510081926523,0.313602847783363,0.2736554050304131,0.3188142857042411,0.3996606474613402,0.4026148074302591,0.3566656982496986,0.34797769148274904,0.41709924941927823,0.44637595450193546,0.40434435957862425,0.3600891780362958,0.36966795420879095,0.3986128331648229,0.3963803755259503,0.39168351633600196,0.3816512225212032,0.36882430754405626,0.3732609391312307,0.36711444380396674,0.3625776577091262,0.37348583211192565,0.3977030111840003,0.41541249051117113,0.402080732067268,0.39333221227873705,0.40559006219699456,0.4251599341653943,0.427904796944206,0.3991849872760367,0.3540570835351632,0.3289983511373912,0.35824439624030546,0.3881185719256699,0.4210450603204594,0.42025491498880163,0.3757455285984881,0.34021723128721926,0.3370414820657949
14.15577889447236,0.20827598857484042,0.2839955355139564,0.3581493500497186,0.35905676812686504,0.2742691178819958,0.21711503716205816,0.2832351052967387,0.3228651902978983,0.3220019547439996,0.3057696450385001,0.3343758402022846,0.3491787158967825,0.3055128388181084,0.27301893546474143,0.3366842029338566,0.405892401872451,0.3963661144782169,0.34661402575118083,0.3610931917373853,0.43067433401463306,0.44180285661066043,0.39028827291851165,0.35761374622485653,0.3785011036018564,0.4012427662260316,0.3948197982670787,0.39011809469666703,0.377306066547648,0.3678553534912926,0.37415794687361625,0.36283815788487717,0.36562198939788093,0.37856191217108015,0.4074880697576897,0.41231121350812605,0.3982659910179607,0.39460143527220914,0.4147413086176811,0.4295220685771879,0.4197325346942329,0.37859465056697417,0.3388159615362044,0.3381060714234696,0.3725090064494796,0.404513169734792,0.4274872629370545,0.40247445054386843,0.3499813328186888,0.3360570830089217,0.3431013424929166
14.226130653266331,0.20913514779667985,0.2874421557028892,0.36013102347889636,0.35639978860284427,0.26674887354145205,0.22136714763942766,0.2881161801349721,0.3249445989594859,0.3196136644543144,0.30702199882306747,0.33831299574089724,0.34577599993750696,0.29720281147140015,0.27560631138636527,0.35350290968239584,0.4089564294933672,0.38805558346322355,0.3405279683509631,0.3755492560966913,0.4402287565897707,0.43413325962185456,0.37744393194412584,0.35722480941249635,0.388342164431432,0.40124567064867145,0.39375622268444777,0.38669455256436847,0.372398853893223,0.3711248868664936,0.3715477072779816,0.36118745601289004,0.36878315205519263,0.38736030880666605,0.4141822577168146,0.4061040565113866,0.3953044710510407,0.4012353035245739,0.42260891829167213,0.428653638261111,0.4053235908272502,0.3594146134386397,0.32931845262245685,0.35437528003144547,0.38615629154891384,0.4196979265013403,0.4212195603046407,0.3766489881351238,0.34017825569696747,0.3371223444663467,0.3539092783391473
14.296482412060302,0.2099404895904795,0.29069565695214017,0.36193058638283204,0.3535984752821201,0.25962753317295895,0.22594641413988759,0.29258787107010376,0.3267201965591764,0.3174415691826944,0.3095940595068325,0.341722567574285,0.34119071716043137,0.2897815253588677,0.2810627425654366,0.3686274781837322,0.4085007482101195,0.3789082835380807,0.3380738063311801,0.39044760579439863,0.4452356267354467,0.42245114160928954,0.3679459575162939,0.36164828719287634,0.39518911283291236,0.3983641294159527,0.39204982138360356,0.38321296130353866,0.36948092207106886,0.3728332726178547,0.3676377470790413,0.3625756052285577,0.37374636267473793,0.39945754734842076,0.4147767985984142,0.40100502128278825,0.3932291614015846,0.4090246963684384,0.42776482983283903,0.42431148783340844,0.38741563825452363,0.3430519671255424,0.3339591313871296,0.3693904589170134,0.401034528263023,0.4270127700634152,0.4047715815312134,0.3510043660794171,0.33605779803993663,0.3433432971412502,0.3598098970727215
14.366834170854272,0.21079076010918807,0.29368662598765605,0.3635123541909907,0.35059029660143914,0.2527726105736511,0.23083672121470278,0.29662613994119413,0.3282013388921651,0.3152525043225892,0.31290532078447386,0.3443670966293949,0.33594448824821355,0.2837350587520915,0.28774348548115514,0.3813931006191147,0.4066878812064265,0.369323733542517,0.3398503294405364,0.4054353635698491,0.44675213803385594,0.40918258906647353,0.36100730133641223,0.36951686649355686,0.3989260889378452,0.3959602748312572,0.39102692175736253,0.3796074669491174,0.3679385722419106,0.37408698393316964,0.3637217149417089,0.3652322122262057,0.3787255169034629,0.40835798548032387,0.41122596834490344,0.39756482229078627,0.3967325665914281,0.41824928440252207,0.43006372809987026,0.41289964907606214,0.36740570820986473,0.33197089347731956,0.3489466216071777,0.3831133212912823,0.41706847909755385,0.42296891989216934,0.37963441370002715,0.3407889589462183,0.33705629068391296,0.35394727827753625,0.3583819900583469
14.43718592964824,0.21171432982873895,0.2964176987836603,0.3648377129841964,0.3473778034905066,0.2462378895375562,0.23583854842503538,0.3002703053356601,0.32899416147775007,0.3129676331687439,0.3171157212580251,0.3472469381900165,0.33001315582884727,0.27830968559238,0.29779793195937354,0.39163256864134943,0.4048206985565752,0.36001109944114584,0.347357949454977,0.4196713165439009,0.4452320570237649,0.39630818534716106,0.3580163349879024,0.37781193522615186,0.40139405269156214,0.39463097716514395,0.3892819518010273,0.3748299985803616,0.3695096728585898,0.37273157039975946,0.36117199073874995,0.3684842179927905,0.3872098245043649,0.414477224939638,0.4050358287657635,0.3945556710798571,0.40335886506681606,0.42446239558586196,0.42791133956330385,0.3971213293277981,0.3501926579225396,0.33021371372184005,0.36489616801348945,0.39620767600692175,0.4257501856276843,0.4086437132607412,0.353960493736571,0.33598785725105484,0.34280412653712,0.3597517356083906,0.3480332836550091
14.507537688442211,0.21259905843734117,0.29888779293622525,0.36595271643969185,0.34406852203355787,0.24013264754932306,0.24058007999137054,0.3037359658241774,0.32910703524148377,0.31089138493581203,0.3211066370464678,0.3494461167043583,0.3234537714534005,0.27489760337777036,0.3123677770412303,0.3995915106607709,0.4009861584165688,0.35046884914980136,0.35911549562267353,0.43176253728796576,0.43970463810938853,0.3834682574471615,0.3571765359444581,0.3870927808548392,0.4012190818458954,0.3933754759398056,0.38549594638313855,0.3709597794391505,0.37240959112394556,0.3692978492916211,0.36237567225631273,0.3731422430865132,0.3988570093578463,0.41465892160496676,0.400629225584928,0.39347550886081484,0.4113807121873885,0.42894744858803235,0.4204080397357859,0.37732014555250293,0.3367099521989161,0.34250967270911414,0.3780473872003689,0.41278551261171015,0.4253768543302564,0.38526700630075394,0.34192032729249044,0.3368754623574911,0.3532307053522059,0.35859071573668677,0.33372310913372205
14.577889447236181,0.2134004721736833,0.3011568619957794,0.36686578340123166,0.3407803175680686,0.23423261896065595,0.24534149559736562,0.306853692004732,0.3285904414067975,0.30909847207479235,0.32510217030077015,0.3505168915251079,0.3164372721807661,0.27349988881180043,0.3278585614677427,0.40528898039508077,0.3949275418725444,0.3428091389246307,0.37218315431164317,0.44033561152195133,0.43175824400266016,0.3731105961886022,0.3592355209097986,0.394150141531987,0.3985321371738165,0.39205695021215736,0.38240641302332057,0.36873941537753274,0.37362101959158056,0.36534483990916977,0.36390840190488105,0.3775790286935957,0.40764948113987676,0.41122669099404496,0.39732557173441463,0.39772018176118706,0.42020688513720394,0.42935892837509293,0.4071184075098876,0.3592393435852175,0.32907270121052723,0.3585673275053123,0.3904786463765988,0.42388137662170233,0.4133662823598889,0.3597367939580949,0.33579399639681795,0.3415013678395965,0.359403596444833,0.3487812540519263,0.33647772154136724
14.64824120603015,0.2141156684012271,0.30318409000015434,0.3676094625921781,0.33752606377748584,0.2293568190516425,0.2499843955486314,0.3098559438892,0.3277031520499656,0.3077691661101103,0.32856590626777116,0.35066106396375185,0.3098237695406416,0.27297329976532425,0.3433451522222538,0.40855891390854193,0.38720553580725026,0.33901766546240664,0.38573435066361283,0.4450018550321394,0.4203090378612857,0.36489970919670833,0.36595837899144035,0.39827516429798737,0.3961065802900582,0.39094171656814247,0.37870111983437904,0.3678171131929804,0.37403200750883525,0.36131160175643595,0.3678760433934999,0.3850707348878607,0.41396864308912207,0.4052906379061523,0.39435523269416684,0.4044353346480345,0.42558214630674684,0.4265573587371021,0.390702779282752,0.3436648607259747,0.33491706324570014,0.3717589280054321,0.40625744547374065,0.42722304812543976,0.39273569881833637,0.3439463121022641,0.3363784790622817,0.35161391309191226,0.359384301184394,0.33467218279479405,0.34808412564271385
14.71859296482412,0.2147476898298315,0.3049631404308333,0.36821788998937777,0.33433120992197574,0.22506915728908305,0.2544750360321161,0.31254651682758483,0.32696400981868456,0.30692787594687654,0.3316389214571227,0.349702423265593,0.3028182895178042,0.2749769403187642,0.3574083461416917,0.40913370297769314,0.3789879794283122,0.33817519104360994,0.3993732075443579,0.44674640356913664,0.40809156611767927,0.3596369953263905,0.3735505770800922,0.40067518899043353,0.39475683708398523,0.38927777758751403,0.37411102236909854,0.37068514304414224,0.3713249368493926,0.3611280438085056,0.37118923611781396,0.39569167153536466,0.41514623477974166,0.4008295564215989,0.3934977517822139,0.4123857002756173,0.42948415827778985,0.417381020946628,0.37154469662841394,0.33285282591025545,0.3493412255234707,0.38477939293597574,0.42003432209188263,0.4189175974411422,0.3682206385539517,0.3365367506189294,0.34001621829252426,0.3584350142721052,0.3504986137358357,0.3350881778431891,0.351568621226082
14.78894472361809,0.2152455546302081,0.3065415149149394,0.36870812096951844,0.3311433104876731,0.2212899176546389,0.2587435612804716,0.3148774741769166,0.32606270642686797,0.3059969213950382,0.3340419553473508,0.34745707424398387,0.29607271176561956,0.2789980551518334,0.3702641353149978,0.4074483042936793,0.370433085001062,0.34095392549090586,0.4127965840783585,0.44599937633165787,0.39623740147924713,0.3576614251078749,0.3817531956680955,0.40158920722999336,0.39381214523044483,0.3856961579634881,0.37064934469251454,0.37265138658221875,0.3676361363916516,0.3627462918795885,0.37530825357755715,0.4052476790455637,0.4123294932810949,0.39761763347912493,0.3975991563663237,0.42065644895328047,0.4288804179263038,0.4038055329932626,0.3546951158288205,0.32939591791539224,0.3645088391317347,0.39764229546555296,0.4268500435968706,0.40224294294240903,0.3470617578269234,0.33591694097665126,0.3487337623444149,0.36032544976825864,0.33688678172171793,0.34704211984154165,0.34660986923398907
14.859296482412061,0.21561155137074683,0.3079036776877049,0.369103366123144,0.32802155637005725,0.21823520640064653,0.2627147045058775,0.31699966909395816,0.3246880414226013,0.3057760974309466,0.33702582952018734,0.34414232665921474,0.2899252481658243,0.28429017059196604,0.3811745115196362,0.4060584753325811,0.3621884438659735,0.3484049290408966,0.4249795521662496,0.4417160671980397,0.3843736266382014,0.3572024694165298,0.39005668723665965,0.40025300188516444,0.39209123540311075,0.3827650574592474,0.36866065529658854,0.3737069005540459,0.36413425884832606,0.3659387701544934,0.38134124605664166,0.41195404274238756,0.40684503523130333,0.3948815314074241,0.40400817712998927,0.4257411652126978,0.42583486820448413,0.3872089614084091,0.3405777746705372,0.33948057616681504,0.3769612751285676,0.413320820533578,0.4240350002657699,0.37859785677621793,0.339336242762754,0.33805767459383307,0.35715480809801425,0.3529964818700655,0.3331405726838689,0.35149080848041026,0.3393788508857152
14.92964824120603,0.215829917604638,0.30905601186502185,0.36938645518095037,0.32493961637205826,0.2156761432496731,0.26658363923674144,0.31887075695868794,0.322984715255102,0.30625904095539336,0.3399357168691106,0.3403389086262105,0.284888176482913,0.29085389890194757,0.3901546033557276,0.4040642875498558,0.35365357111407114,0.3591102946329974,0.43478263246966153,0.4354101658921804,0.37446566241531576,0.35966928191591174,0.39556283893565736,0.3968667803728303,0.39145197570256296,0.37944436297234607,0.36781579034836365,0.37381947057893483,0.3611934027000121,0.36861102948214297,0.38991053168141754,0.4155275258720299,0.4017933982064572,0.39326209223822217,0.41147579144985214,0.4294765212250291,0.4164616580709587,0.36878964864000197,0.3307809290913146,0.3541884807834266,0.38871231299924514,0.42378723304254295,0.4118934490250602,0.3546454579213646,0.3360571775932515,0.34536903575925415,0.36070474946000464,0.34029004832470267,0.34513630441392773,0.3476594176674799,0.3275153101561963
15.0,0.21590263313651514,0.310035209474813,0.3695783042751829,0.32197222622846167,0.21371699840155567,0.2702344934891464,0.32061067988079706,0.3212201694666845,0.30776999435976615,0.34228544646366466,0.33611533799756876,0.280341506909887,0.3004596635170943,0.39739582668950213,0.4002171076852513,0.34581798394355945,0.37074929606306495,0.44165839861140666,0.4263051085943912,0.36667669127390634,0.3659699398795494,0.398814978406152,0.3954995970081505,0.3901214889129938,0.37514463227780326,0.3704468293048344,0.37110272995494853,0.361572462382056,0.3729853212590698,0.4008289473246367,0.41344798375632297,0.3984283841047276,0.39631128183442266,0.41976641862613695,0.4290054289248626,0.40314527374667475,0.35274192738336374,0.33047489287346576,0.3679085538784719,0.40314761876605365,0.42739654628840995,0.3916283872127173,0.3426609031022294,0.33696566129370065,0.3549656170909574,0.35572953443933897,0.33130176585656645,0.3510270760949328,0.3409083284708181,0.3276177976670438
