=== COERENCE RUN INFO ===
created_at: 2026-01-17T15:42:51.508712

eps: 1e-10
limite: 0.1
N: 2
Nb: 45
alpha: 2.23606797749979
extra: linear2
wmax: 0.0
len(t): 500
len(w_list): 100

args (initial):
{
  "g0": 1,
  "eta": 1,
  "w": 0,
  "kappa": 0.1,
  "gamma": 0,
  "gamma_phi": 0.01,
  "coupling": "linear",
  "phi": 1
}

t summary:
  t_min: 0.0
  t_max: 150.0
  first_5: [0.0, 0.01, 0.02, 0.03, 0.04]
  last_5: [148.5062656641604, 148.8796992481203, 149.25313283208018, 149.6265664160401, 150.0]

w_list summary:
  w_min: -0.006666666666666667
  w_max: 0.0
  first_5: [-0.006666666666666667, -0.0065993265993266, -0.006531986531986532, -0.006464646464646465, -0.006397306397306398]
  last_5: [-0.00026936026936026907, -0.00020202020202020159, -0.0001346801346801341, -6.734006734006662e-05, 0.0]
